# 3ds Max Wavefront OBJ Exporter v0.97b - (c)2007 guruware
# File Created: 16.08.2012 16:28:32

mtllib 03_SV_lin_obj.mtl

#
# object Line01
#

v  -0.5614 1.0791 3.7399
v  0.6678 1.3261 1.0358
v  0.6679 1.3237 1.0343
v  -0.5618 1.0766 3.7392
v  -0.5604 1.0808 3.7419
v  0.6675 1.3275 1.0409
v  -0.5590 1.0813 3.7448
v  0.6668 1.3277 1.0481
v  -0.5576 1.0804 3.7477
v  0.6662 1.3266 1.0556
v  -0.5566 1.0785 3.7499
v  0.6656 1.3244 1.0614
v  -0.5562 1.0760 3.7508
v  0.6653 1.3217 1.0638
v  -0.5567 1.0735 3.7501
v  0.6654 1.3194 1.0623
v  -0.5577 1.0718 3.7481
v  0.6658 1.3179 1.0573
v  -0.5591 1.0713 3.7452
v  0.6664 1.3177 1.0500
v  -0.5605 1.0722 3.7423
v  0.6671 1.3188 1.0425
v  -0.5615 1.0741 3.7401
v  0.6676 1.3210 1.0368
v  -4.7467 1.6452 2.6894
v  -4.7460 1.6427 2.6888
v  -4.7486 1.6472 2.6908
v  -4.7512 1.6480 2.6927
v  -4.7536 1.6475 2.6946
v  -4.7553 1.6458 2.6960
v  -4.7559 1.6433 2.6964
v  -4.7551 1.6408 2.6959
v  -4.7532 1.6388 2.6944
v  -4.7507 1.6380 2.6925
v  -4.7483 1.6385 2.6906
v  -4.7465 1.6402 2.6892
v  -4.6728 0.7630 -3.6877
v  -4.6724 0.7608 -3.6852
v  -4.6744 0.7640 -3.6950
v  -4.6767 0.7634 -3.7051
v  -4.6791 0.7615 -3.7154
v  -4.6809 0.7588 -3.7231
v  -4.6817 0.7559 -3.7261
v  -4.6813 0.7537 -3.7237
v  -4.6797 0.7528 -3.7164
v  -4.6774 0.7533 -3.7063
v  -4.6750 0.7553 -3.6960
v  -4.6732 0.7580 -3.6883
v  -3.0529 1.1892 -0.4334
v  -3.0518 1.1869 -0.4312
v  -3.0541 1.1909 -0.4385
v  -3.0551 1.1914 -0.4453
v  -3.0556 1.1908 -0.4520
v  -3.0554 1.1891 -0.4567
v  -3.0546 1.1868 -0.4581
v  -3.0535 1.1845 -0.4560
v  -3.0523 1.1829 -0.4508
v  -3.0513 1.1823 -0.4440
v  -3.0508 1.1829 -0.4374
v  -3.0510 1.1846 -0.4327
v  -2.3020 1.6879 -3.5925
v  -2.3012 1.6854 -3.5911
v  -2.3036 1.6897 -3.5952
v  -2.3054 1.6903 -3.5984
v  -2.3071 1.6896 -3.6012
v  -2.3081 1.6876 -3.6030
v  -2.3083 1.6851 -3.6032
v  -2.3075 1.6826 -3.6017
v  -2.3059 1.6808 -3.5991
v  -2.3041 1.6802 -3.5959
v  -2.3024 1.6810 -3.5930
v  -2.3013 1.6829 -3.5913
v  0.1775 1.2619 -2.8698
v  0.1774 1.2596 -2.8686
v  0.1773 1.2634 -2.8721
v  0.1768 1.2636 -2.8749
v  0.1761 1.2626 -2.8775
v  0.1754 1.2605 -2.8790
v  0.1749 1.2581 -2.8792
v  0.1747 1.2558 -2.8780
v  0.1749 1.2543 -2.8756
v  0.1754 1.2541 -2.8728
v  0.1761 1.2551 -2.8703
v  0.1768 1.2571 -2.8687
v  2.2163 0.8299 -4.5307
v  2.2166 0.8276 -4.5297
v  2.2157 0.8313 -4.5329
v  2.2151 0.8315 -4.5356
v  2.2146 0.8302 -4.5382
v  2.2144 0.8280 -4.5400
v  2.2144 0.8254 -4.5405
v  2.2148 0.8231 -4.5395
v  2.2153 0.8217 -4.5373
v  2.2159 0.8216 -4.5346
v  2.2164 0.8228 -4.5319
v  2.2167 0.8250 -4.5302
v  4.9110 1.6022 -3.7976
v  4.9089 1.5993 -3.7970
v  4.9161 1.6049 -3.7985
v  4.9229 1.6068 -3.7993
v  4.9295 1.6073 -3.7998
v  4.9342 1.6064 -3.8000
v  4.9357 1.6041 -3.7997
v  4.9336 1.6013 -3.7991
v  4.9285 1.5985 -3.7983
v  4.9217 1.5966 -3.7975
v  4.9151 1.5961 -3.7969
v  4.9104 1.5971 -3.7967
v  2.7060 1.2330 -2.6667
v  2.7050 1.2305 -2.6673
v  2.7094 1.2350 -2.6662
v  2.7144 1.2360 -2.6659
v  2.7196 1.2357 -2.6660
v  2.7236 1.2342 -2.6662
v  2.7253 1.2320 -2.6667
v  2.7243 1.2295 -2.6673
v  2.7209 1.2275 -2.6678
v  2.7159 1.2265 -2.6681
v  2.7107 1.2268 -2.6681
v  2.7067 1.2283 -2.6678
v  6.5732 0.9416 -0.4921
v  6.5723 0.9392 -0.4920
v  6.5785 0.9432 -0.4911
v  6.5866 0.9434 -0.4894
v  6.5955 0.9422 -0.4872
v  6.6026 0.9400 -0.4853
v  6.6063 0.9374 -0.4842
v  6.6053 0.9349 -0.4840
v  6.6001 0.9334 -0.4850
v  6.5919 0.9331 -0.4868
v  6.5831 0.9343 -0.4889
v  6.5759 0.9365 -0.4908
v  4.2914 1.2612 -0.3815
v  4.2913 1.2587 -0.3818
v  4.2929 1.2631 -0.3801
v  4.2953 1.2639 -0.3779
v  4.2979 1.2633 -0.3755
v  4.3001 1.2615 -0.3735
v  4.3012 1.2590 -0.3725
v  4.3010 1.2564 -0.3728
v  4.2996 1.2545 -0.3742
v  4.2972 1.2538 -0.3764
v  4.2946 1.2544 -0.3788
v  4.2924 1.2562 -0.3808
v  4.3756 0.7885 2.3935
v  4.3754 0.7859 2.3933
v  4.3771 0.7904 2.3946
v  4.3795 0.7912 2.3962
v  4.3821 0.7907 2.3979
v  4.3842 0.7890 2.3993
v  4.3853 0.7865 2.3999
v  4.3851 0.7840 2.3997
v  4.3836 0.7821 2.3987
v  4.3813 0.7812 2.3971
v  4.3787 0.7817 2.3954
v  4.3765 0.7835 2.3940
v  3.0700 0.9716 2.8924
v  3.0697 0.9691 2.8922
v  3.0710 0.9736 2.8937
v  3.0723 0.9746 2.8957
v  3.0737 0.9742 2.8978
v  3.0747 0.9726 2.8996
v  3.0751 0.9703 2.9006
v  3.0748 0.9678 2.9004
v  3.0738 0.9657 2.8991
v  3.0725 0.9648 2.8971
v  3.0711 0.9651 2.8949
v  3.0701 0.9667 2.8931
v  1.5264 0.9675 4.3958
v  1.5262 0.9650 4.3956
v  1.5259 0.9696 4.3984
v  1.5248 0.9706 4.4027
v  1.5234 0.9703 4.4076
v  1.5221 0.9688 4.4117
v  1.5212 0.9664 4.4140
v  1.5210 0.9639 4.4138
v  1.5216 0.9618 4.4111
v  1.5226 0.9608 4.4068
v  1.5240 0.9611 4.4019
v  1.5253 0.9627 4.3978
v  -3.0511 1.1879 -0.4446
v  -0.5583 1.0773 3.7428
v  -0.5582 1.0763 3.7424
v  -3.0508 1.1869 -0.4445
v  -3.0521 1.1886 -0.4448
v  -0.5587 1.0781 3.7436
v  -3.0534 1.1889 -0.4450
v  -0.5591 1.0783 3.7447
v  -3.0547 1.1887 -0.4453
v  -0.5596 1.0781 3.7458
v  -3.0556 1.1880 -0.4454
v  -0.5600 1.0773 3.7467
v  -3.0560 1.1870 -0.4455
v  -0.5602 1.0763 3.7469
v  -3.0556 1.1860 -0.4454
v  -0.5601 1.0754 3.7466
v  -3.0547 1.1852 -0.4452
v  -0.5597 1.0746 3.7458
v  -3.0534 1.1850 -0.4449
v  -0.5593 1.0744 3.7447
v  -3.0521 1.1852 -0.4447
v  -0.5588 1.0746 3.7435
v  -3.0511 1.1859 -0.4445
v  -0.5584 1.0754 3.7427
v  2.2153 0.8276 -4.5332
v  2.2152 0.8267 -4.5328
v  2.2153 0.8283 -4.5341
v  2.2154 0.8285 -4.5354
v  2.2155 0.8282 -4.5367
v  2.2155 0.8275 -4.5376
v  2.2155 0.8265 -4.5380
v  2.2154 0.8255 -4.5376
v  2.2154 0.8248 -4.5367
v  2.2153 0.8246 -4.5354
v  2.2153 0.8249 -4.5341
v  2.2152 0.8257 -4.5331
v  6.5867 0.9394 -0.4884
v  6.5862 0.9384 -0.4883
v  6.5878 0.9401 -0.4884
v  6.5892 0.9403 -0.4884
v  6.5906 0.9400 -0.4884
v  6.5916 0.9393 -0.4884
v  6.5920 0.9383 -0.4884
v  6.5915 0.9373 -0.4884
v  6.5905 0.9366 -0.4884
v  6.5890 0.9364 -0.4883
v  6.5876 0.9366 -0.4883
v  6.5866 0.9374 -0.4883
v  3.0714 0.9707 2.8945
v  3.0713 0.9698 2.8943
v  3.0718 0.9715 2.8952
v  3.0723 0.9717 2.8961
v  3.0728 0.9714 2.8970
v  3.0731 0.9707 2.8976
v  3.0732 0.9697 2.8979
v  3.0731 0.9687 2.8976
v  3.0727 0.9680 2.8970
v  3.0722 0.9678 2.8961
v  3.0717 0.9680 2.8952
v  3.0714 0.9688 2.8945
v  -4.7487 1.6437 2.6899
v  0.6677 1.3235 1.0467
v  0.6677 1.3228 1.0464
v  -4.7484 1.6429 2.6895
v  -4.7495 1.6443 2.6907
v  0.6673 1.3240 1.0474
v  -4.7508 1.6445 2.6919
v  0.6668 1.3242 1.0484
v  -4.7520 1.6444 2.6930
v  0.6663 1.3240 1.0493
v  -4.7529 1.6439 2.6938
v  0.6659 1.3235 1.0499
v  -4.7533 1.6431 2.6941
v  0.6656 1.3227 1.0502
v  -4.7531 1.6424 2.6938
v  0.6657 1.3220 1.0499
v  -4.7522 1.6418 2.6929
v  0.6660 1.3215 1.0492
v  -4.7510 1.6416 2.6918
v  0.6665 1.3213 1.0482
v  -4.7497 1.6417 2.6906
v  0.6671 1.3215 1.0473
v  -4.7488 1.6422 2.6898
v  0.6675 1.3220 1.0467
v  -2.3037 1.6859 -3.5966
v  -2.3036 1.6851 -3.5965
v  -2.3041 1.6865 -3.5971
v  -2.3045 1.6868 -3.5978
v  -2.3051 1.6867 -3.5985
v  -2.3055 1.6862 -3.5991
v  -2.3057 1.6855 -3.5994
v  -2.3056 1.6847 -3.5992
v  -2.3053 1.6841 -3.5988
v  -2.3048 1.6838 -3.5981
v  -2.3042 1.6840 -3.5973
v  -2.3038 1.6844 -3.5967
v  4.9209 1.6024 -3.7978
v  4.9206 1.6017 -3.7976
v  4.9216 1.6030 -3.7983
v  4.9225 1.6032 -3.7990
v  4.9233 1.6031 -3.7998
v  4.9240 1.6026 -3.8004
v  4.9242 1.6018 -3.8007
v  4.9239 1.6011 -3.8005
v  4.9232 1.6005 -3.8000
v  4.9223 1.6003 -3.7993
v  4.9214 1.6004 -3.7985
v  4.9208 1.6010 -3.7979
v  4.2951 1.2597 -0.3783
v  4.2949 1.2590 -0.3785
v  4.2957 1.2602 -0.3781
v  4.2964 1.2603 -0.3778
v  4.2971 1.2601 -0.3776
v  4.2976 1.2595 -0.3774
v  4.2977 1.2588 -0.3774
v  4.2975 1.2580 -0.3776
v  4.2970 1.2575 -0.3778
v  4.2963 1.2574 -0.3781
v  4.2956 1.2577 -0.3783
v  4.2951 1.2582 -0.3785
v  1.5243 0.9668 4.4007
v  1.5243 0.9661 4.4001
v  1.5241 0.9672 4.4022
v  1.5239 0.9672 4.4041
v  1.5236 0.9669 4.4060
v  1.5234 0.9662 4.4074
v  1.5233 0.9654 4.4078
v  1.5233 0.9647 4.4073
v  1.5235 0.9643 4.4058
v  1.5237 0.9643 4.4039
v  1.5240 0.9646 4.4020
v  1.5242 0.9653 4.4006
v  -4.6713 0.7598 -3.7036
v  0.6680 1.3238 1.0474
v  0.6683 1.3228 1.0473
v  -4.6708 0.7589 -3.7034
v  -4.6735 0.7604 -3.7046
v  0.6674 1.3245 1.0478
v  -4.6766 0.7605 -3.7061
v  0.6665 1.3247 1.0483
v  -4.6799 0.7600 -3.7077
v  0.6657 1.3245 1.0489
v  -4.6824 0.7591 -3.7089
v  0.6650 1.3237 1.0493
v  -4.6836 0.7580 -3.7095
v  0.6647 1.3227 1.0494
v  -4.6830 0.7571 -3.7093
v  0.6650 1.3217 1.0493
v  -4.6809 0.7565 -3.7083
v  0.6656 1.3210 1.0489
v  -4.6778 0.7564 -3.7068
v  0.6665 1.3208 1.0483
v  -4.6745 0.7569 -3.7052
v  0.6673 1.3211 1.0478
v  -4.6719 0.7578 -3.7040
v  0.6680 1.3218 1.0474
v  0.1758 1.2597 -2.8729
v  0.1758 1.2587 -2.8727
v  0.1758 1.2605 -2.8735
v  0.1759 1.2608 -2.8745
v  0.1760 1.2607 -2.8755
v  0.1762 1.2600 -2.8762
v  0.1763 1.2591 -2.8766
v  0.1763 1.2581 -2.8764
v  0.1762 1.2573 -2.8758
v  0.1761 1.2569 -2.8748
v  0.1760 1.2571 -2.8738
v  0.1759 1.2577 -2.8730
v  2.7137 1.2321 -2.6661
v  2.7136 1.2311 -2.6659
v  2.7143 1.2329 -2.6667
v  2.7150 1.2333 -2.6676
v  2.7157 1.2331 -2.6685
v  2.7163 1.2324 -2.6693
v  2.7165 1.2315 -2.6696
v  2.7163 1.2305 -2.6695
v  2.7158 1.2297 -2.6689
v  2.7150 1.2293 -2.6680
v  2.7143 1.2295 -2.6670
v  2.7138 1.2301 -2.6663
v  4.3782 0.7873 2.3952
v  4.3779 0.7863 2.3951
v  4.3790 0.7880 2.3955
v  4.3801 0.7883 2.3959
v  4.3813 0.7880 2.3963
v  4.3822 0.7873 2.3965
v  4.3826 0.7863 2.3966
v  4.3823 0.7853 2.3965
v  4.3815 0.7846 2.3963
v  4.3804 0.7843 2.3959
v  4.3792 0.7846 2.3955
v  4.3783 0.7853 2.3952
v  1.5248 0.9665 4.4010
v  1.5247 0.9655 4.4008
v  1.5246 0.9673 4.4020
v  1.5241 0.9677 4.4036
v  1.5234 0.9676 4.4052
v  1.5228 0.9670 4.4066
v  1.5225 0.9660 4.4072
v  1.5224 0.9650 4.4070
v  1.5227 0.9642 4.4060
v  1.5232 0.9638 4.4045
v  1.5238 0.9640 4.4028
v  1.5244 0.9646 4.4015
# 384 vertices

vn -0.7877 0.5328 -0.3094
vn -0.8731 0.3201 -0.3677
vn -0.9107 0.0116 -0.4129
vn -0.9095 -0.0195 -0.4153
vn -0.1026 0.9547 -0.2792
vn -0.5761 0.7879 -0.2177
vn 0.0878 0.9899 0.1112
vn 0.0301 0.9995 -0.0027
vn 0.2519 0.8516 0.4598
vn 0.0142 0.9841 0.1768
vn 0.8091 0.4244 0.4066
vn 0.6690 0.6484 0.3634
vn 0.9109 -0.0204 0.4122
vn 0.9067 0.0592 0.4176
vn 0.8282 -0.4489 0.3355
vn 0.7745 -0.5561 0.3013
vn 0.1752 -0.8884 0.4244
vn 0.0327 -0.9985 0.0442
vn -0.0106 -0.9988 0.0488
vn -0.0177 -0.9907 -0.1352
vn -0.1845 -0.9310 -0.3149
vn 0.0004 -0.9439 -0.3301
vn -0.7330 -0.5611 -0.3845
vn -0.8336 -0.3672 -0.4125
vn 0.5950 0.6572 -0.4627
vn 0.2739 0.4964 -0.8237
vn 0.2356 -0.0587 -0.9701
vn 0.2509 0.0618 -0.9660
vn 0.2893 0.9296 -0.2284
vn -0.0342 0.9992 0.0208
vn -0.3738 0.8832 0.2834
vn -0.1665 0.4227 0.8908
vn -0.1579 0.4575 0.8751
vn -0.2446 -0.0088 0.9696
vn -0.2411 0.0190 0.9703
vn -0.6714 -0.5271 0.5209
vn -0.2739 -0.4111 0.8695
vn -0.4136 -0.8509 0.3238
vn -0.1044 -0.9908 0.0862
vn 0.2517 -0.9492 -0.1887
vn 0.1488 -0.4922 -0.8577
vn 0.1205 -0.5904 -0.7981
vn 0.8317 0.5512 -0.0666
vn 0.9977 0.0673 0.0022
vn 0.9961 -0.0846 0.0232
vn 0.0336 0.9983 -0.0475
vn 0.0049 0.9849 -0.1733
vn -0.0284 0.9487 -0.3150
vn -0.9241 0.3770 -0.0628
vn -0.9062 0.4174 -0.0682
vn -0.9994 0.0320 -0.0160
vn -0.9999 -0.0143 -0.0096
vn -0.9676 -0.2515 0.0236
vn -0.0652 -0.9934 -0.0946
vn -0.0284 -0.9971 0.0709
vn -0.0002 -0.9810 0.1939
vn 0.7217 -0.6845 0.1030
vn 0.8700 -0.4870 0.0774
vn -0.2117 0.7100 0.6717
vn -0.7315 0.6205 0.2827
vn -0.8951 -0.0007 0.4458
vn -0.8321 -0.3159 0.4559
vn -0.3217 0.8901 0.3228
vn -0.3599 0.9269 0.1062
vn -0.3793 0.9201 -0.0982
vn 0.5003 0.7906 -0.3530
vn 0.8380 0.2988 -0.4566
vn 0.8473 0.2700 -0.4574
vn 0.8966 -0.0521 -0.4397
vn 0.2955 -0.8535 -0.4293
vn 0.8609 -0.3325 -0.3851
vn 0.3526 -0.9225 -0.1573
vn 0.3753 -0.9260 0.0403
vn 0.3829 -0.8785 0.2857
vn -0.6752 -0.6090 0.4163
vn -0.6644 -0.6231 0.4127
vn 0.3094 0.7975 0.5179
vn 0.8876 0.3732 0.2698
vn 0.9364 0.2360 0.2596
vn 0.1292 0.9699 0.2062
vn -0.0564 0.9920 -0.1125
vn -0.7383 0.6709 -0.0693
vn -0.9409 0.2884 -0.1779
vn -0.9589 0.2059 -0.1951
vn -0.9604 -0.1271 -0.2482
vn -0.8673 -0.4171 -0.2718
vn -0.3820 -0.6621 -0.6448
vn -0.2177 -0.9075 -0.3591
vn -0.0396 -0.9978 -0.0523
vn 0.5995 -0.8002 0.0158
vn 0.9245 -0.3435 0.1651
vn 0.9699 0.0504 0.2383
vn 0.2673 0.6248 0.7336
vn -0.2319 0.2467 0.9409
vn -0.2362 0.2281 0.9446
vn 0.2417 0.9081 0.3421
vn 0.1636 0.9803 -0.1109
vn 0.0432 0.8267 -0.5610
vn 0.3125 0.6611 -0.6821
vn 0.3137 0.2940 -0.9028
vn 0.3125 0.2768 -0.9087
vn 0.2301 -0.2543 -0.9394
vn 0.2553 -0.1382 -0.9570
vn -0.2671 -0.7013 -0.6609
vn -0.2239 -0.9507 -0.2146
vn -0.1326 -0.9604 0.2450
vn -0.0109 -0.7562 0.6543
vn -0.2924 -0.7920 0.5359
vn -0.3094 -0.2382 0.9206
vn -0.3161 -0.3321 0.8887
vn 0.5700 0.6209 0.5382
vn 0.6382 0.0621 0.7673
vn 0.6417 0.1118 0.7588
vn -0.0074 0.9709 0.2394
vn -0.1131 0.9623 -0.2474
vn -0.1859 0.7434 -0.6425
vn -0.2201 0.3553 -0.9085
vn -0.5049 0.4494 -0.7369
vn -0.6437 -0.1626 -0.7478
vn -0.6403 -0.0891 -0.7629
vn -0.5824 -0.5872 -0.5622
vn -0.0197 -0.9353 -0.3534
vn 0.0842 -0.9907 0.1069
vn 0.1664 -0.8331 0.5276
vn 0.2158 -0.4702 0.8558
vn 0.5276 -0.3970 0.7510
vn -0.3656 0.7405 0.5639
vn -0.3633 0.5636 0.7419
vn -0.2769 0.0553 0.9593
vn -0.3153 0.2246 0.9220
vn -0.2917 0.9518 -0.0950
vn -0.1158 0.9808 -0.1569
vn 0.0442 0.6703 -0.7407
vn 0.2148 0.1646 -0.9627
vn 0.2975 -0.1418 -0.9441
vn 0.2892 -0.1053 -0.9515
vn 0.3582 -0.5043 -0.7857
vn 0.3607 -0.5292 -0.7680
vn 0.3543 -0.8669 -0.3508
vn 0.2600 -0.9550 0.1426
vn 0.0775 -0.9691 0.2342
vn -0.1383 -0.3848 0.9126
vn -0.4718 0.3743 -0.7983
vn -0.4709 0.1495 -0.8694
vn -0.4709 0.1496 -0.8694
vn -0.4718 0.3744 -0.7983
vn -0.3832 0.7818 -0.4919
vn -0.4383 0.6184 -0.6523
vn -0.4383 0.6184 -0.6522
vn -0.3831 0.7819 -0.4918
vn -0.1601 0.9630 0.2168
vn -0.2020 0.9556 0.2144
vn 0.0539 0.9737 0.2215
vn 0.2802 0.6058 0.7446
vn 0.1824 0.7719 0.6090
vn 0.1824 0.7718 0.6091
vn 0.2802 0.6057 0.7447
vn 0.4343 0.1337 0.8908
vn 0.3770 0.3594 0.8536
vn 0.3771 0.3593 0.8537
vn 0.4344 0.1336 0.8908
vn 0.4721 -0.3743 0.7981
vn 0.4706 -0.1492 0.8696
vn 0.4706 -0.1495 0.8696
vn 0.4721 -0.3745 0.7980
vn 0.3834 -0.7819 0.4916
vn 0.4382 -0.6179 0.6529
vn 0.4381 -0.6183 0.6525
vn 0.3833 -0.7821 0.4913
vn -0.0122 -0.9751 -0.2216
vn 0.2020 -0.9556 -0.2147
vn -0.0539 -0.9737 -0.2214
vn -0.2800 -0.6056 -0.7449
vn -0.1825 -0.7723 -0.6085
vn -0.1826 -0.7720 -0.6088
vn -0.2801 -0.6053 -0.7451
vn -0.4341 -0.1336 -0.8909
vn -0.3773 -0.3596 -0.8534
vn -0.3773 -0.3594 -0.8535
vn -0.4341 -0.1333 -0.8909
vn -0.4652 0.2221 0.8569
vn -0.4904 -0.0047 0.8715
vn -0.4904 -0.0046 0.8715
vn -0.4652 0.2222 0.8569
vn -0.3204 0.6788 0.6607
vn -0.3972 0.4948 0.7729
vn -0.3971 0.4950 0.7728
vn -0.3203 0.6790 0.6606
vn 0.1379 0.9851 -0.1024
vn -0.0896 0.9536 0.2873
vn 0.2918 0.9544 -0.0640
vn 0.3753 0.7315 -0.5692
vn 0.2929 0.8665 -0.4041
vn 0.2930 0.8664 -0.4043
vn 0.4853 0.2941 -0.8234
vn 0.4524 0.5030 -0.7365
vn 0.4524 0.5029 -0.7365
vn 0.5528 0.8299 0.0758
vn 0.4651 -0.2221 -0.8570
vn 0.4906 0.0046 -0.8714
vn 0.3203 -0.6786 -0.6609
vn 0.3973 -0.4950 -0.7728
vn 0.3973 -0.4950 -0.7727
vn 0.3203 -0.6787 -0.6609
vn -0.0162 -0.9913 0.1303
vn 0.0897 -0.9534 -0.2879
vn -0.1655 -0.9816 0.0957
vn -0.3755 -0.7316 0.5690
vn -0.2929 -0.8664 0.4044
vn -0.2929 -0.8664 0.4045
vn -0.4854 -0.2942 0.8233
vn -0.4522 -0.5029 0.7366
vn -0.4522 -0.5028 0.7366
vn -0.2289 -0.8861 -0.4030
vn -0.0016 0.3163 -0.9486
vn -0.0022 0.3133 -0.9497
vn -0.0914 -0.3274 -0.9405
vn -0.0626 -0.1047 -0.9925
vn 0.0629 0.6964 -0.7149
vn 0.0836 0.8029 -0.5902
vn -0.1024 0.9925 -0.0667
vn 0.1762 0.9656 0.1911
vn 0.4493 0.7778 0.4394
vn 0.0758 0.2042 0.9760
vn 0.0728 0.1824 0.9805
vn -0.0070 -0.3719 0.9283
vn 0.0372 -0.0777 0.9963
vn -0.0865 -0.8169 0.5703
vn -0.0308 -0.5157 0.8562
vn -0.0351 -0.9975 -0.0613
vn -0.3046 -0.9010 -0.3088
vn -0.5520 -0.6429 -0.5310
vn -0.9343 0.3456 0.0872
vn -0.9548 0.2870 0.0779
vn -0.9910 -0.1333 0.0073
vn -0.9767 -0.2143 -0.0069
vn -0.5928 0.7908 0.1527
vn -0.7278 0.6720 0.1366
vn 0.0106 0.9993 0.0354
vn 0.3583 0.8951 0.2652
vn 0.6491 0.6120 0.4518
vn 0.9912 0.1318 -0.0076
vn 0.9727 0.2319 0.0100
vn 0.9463 -0.3128 -0.0820
vn 0.9354 -0.3428 -0.0868
vn 0.6996 -0.7006 -0.1406
vn 0.5854 -0.7961 -0.1534
vn 0.1284 -0.9900 0.0578
vn -0.2270 -0.9573 -0.1791
vn -0.5579 -0.7304 -0.3941
vn -0.4766 0.3834 -0.7911
vn -0.2850 0.3731 -0.8829
vn -0.3735 -0.1887 -0.9082
vn -0.5419 -0.1205 -0.8318
vn -0.2878 0.7871 -0.5455
vn -0.1058 0.8114 -0.5748
vn -0.0266 0.9865 -0.1618
vn 0.2413 0.9341 0.2632
vn 0.4508 0.6357 0.6266
vn 0.5413 0.1512 0.8271
vn 0.3678 0.1054 0.9239
vn 0.4751 -0.3886 0.7894
vn 0.2936 -0.3404 0.8933
vn 0.2690 -0.8114 0.5190
vn 0.1555 -0.7236 0.6725
vn -0.0074 -0.9940 0.1095
vn -0.2740 -0.9078 -0.3175
vn -0.4674 -0.5903 -0.6581
vn -0.6355 0.4145 -0.6514
vn -0.6842 -0.1939 -0.7030
vn -0.3581 0.8592 -0.3654
vn 0.0931 0.9949 0.0390
vn 0.3269 0.8826 0.3378
vn 0.6074 0.4904 0.6250
vn 0.6961 0.0669 0.7149
vn 0.6669 -0.2957 0.6840
vn 0.5136 -0.6782 0.5256
vn -0.1404 -0.9806 0.1365
vn -0.1160 -0.9858 -0.1210
vn -0.4845 -0.7183 -0.4993
vn 0.9596 0.1661 -0.2273
vn 0.9658 -0.0575 -0.2529
vn 0.9658 -0.0574 -0.2529
vn 0.9595 0.1661 -0.2273
vn 0.7627 0.6341 -0.1272
vn 0.8770 0.4468 -0.1766
vn 0.8770 0.4469 -0.1766
vn 0.5531 0.8314 -0.0530
vn -0.5980 0.7664 0.2344
vn -0.4126 0.8887 0.1998
vn -0.4127 0.8887 0.1998
vn -0.8993 0.3466 0.2667
vn -0.7958 0.5463 0.2613
vn -0.7959 0.5462 0.2613
vn -0.8993 0.3465 0.2667
vn -0.9595 -0.1661 0.2275
vn -0.9658 0.0575 0.2527
vn -0.9658 0.0574 0.2527
vn -0.9595 -0.1663 0.2275
vn -0.7625 -0.6343 0.1274
vn -0.8772 -0.4466 0.1764
vn -0.8771 -0.4468 0.1764
vn -0.7624 -0.6345 0.1273
vn -0.5533 -0.8313 0.0528
vn 0.5982 -0.7663 -0.2342
vn 0.4123 -0.8888 -0.2000
vn 0.4125 -0.8887 -0.2000
vn 0.8994 -0.3465 -0.2665
vn 0.7956 -0.5464 -0.2615
vn 0.7958 -0.5463 -0.2615
vn 0.8995 -0.3463 -0.2665
vn 0.7247 0.5486 -0.4170
vn 0.7350 0.5294 -0.4236
vn 0.8589 -0.0172 -0.5118
vn 0.8592 -0.0022 -0.5116
vn 0.3311 0.9426 0.0424
vn 0.1648 0.9358 -0.3116
vn -0.0645 0.9974 -0.0334
vn -0.0036 0.9960 0.0892
vn -0.4590 0.8822 -0.1052
vn -0.1701 0.8660 0.4702
vn -0.7638 0.4460 0.4665
vn -0.3180 0.5241 0.7900
vn -0.8590 0.0160 0.5118
vn -0.3915 -0.0004 0.9202
vn -0.7839 -0.4218 0.4556
vn -0.7812 -0.4287 0.4538
vn -0.4933 -0.8666 -0.0746
vn -0.2212 -0.8653 0.4498
vn -0.1123 -0.9937 -0.0000
vn -0.0625 -0.9959 0.0661
vn 0.2942 -0.9528 0.0757
vn 0.1098 -0.9361 -0.3341
vn 0.7091 -0.5536 -0.4367
vn 0.7062 -0.5585 -0.4352
vn 0.5362 0.5476 0.6424
vn 0.5275 0.5708 0.6292
vn 0.6141 0.0255 0.7888
vn 0.6131 -0.0022 0.7900
vn 0.0092 0.9555 0.2947
vn 0.0283 0.9920 -0.1230
vn 0.0424 0.8558 -0.5155
vn -0.5343 0.4324 -0.7263
vn -0.5382 0.4207 -0.7303
vn -0.6135 -0.0053 -0.7897
vn -0.6137 -0.0117 -0.7895
vn -0.5694 -0.4396 -0.6947
vn -0.5677 -0.4462 -0.6919
vn -0.0004 -0.8881 -0.4596
vn -0.0207 -0.9983 -0.0545
vn -0.0372 -0.9341 0.3551
vn 0.4882 -0.5503 0.6773
vn 0.4972 -0.5297 0.6872
vn -0.5500 0.6032 0.5777
vn -0.5645 0.5730 0.5942
vn -0.6793 0.0276 0.7334
vn -0.6789 0.0556 0.7321
vn -0.2601 0.9655 -0.0152
vn 0.1139 0.9933 -0.0193
vn 0.4873 0.8730 -0.0208
vn 0.6226 0.3812 -0.6834
vn 0.6151 0.4058 -0.6760
vn 0.6791 -0.0415 -0.7328
vn 0.6792 -0.0352 -0.7331
vn 0.6086 -0.4621 -0.6450
vn 0.6071 -0.4667 -0.6432
vn 0.4412 -0.8973 0.0122
vn 0.0720 -0.9973 0.0176
vn -0.3080 -0.9512 0.0204
vn -0.5762 -0.5123 0.6368
vn -0.5704 -0.5258 0.6310
vn -0.3930 0.5411 -0.7435
vn -0.5613 0.5818 -0.5886
vn -0.6930 0.0290 -0.7204
vn -0.4774 0.0094 -0.8786
vn -0.1974 0.8963 -0.3971
vn 0.0424 0.9983 0.0401
vn 0.2671 0.8473 0.4591
vn 0.4262 0.4820 0.7656
vn 0.6356 0.4058 0.6567
vn 0.4774 -0.0124 0.8786
vn 0.6933 -0.0148 0.7205
vn 0.4045 -0.5039 0.7632
vn 0.6212 -0.4383 0.6496
vn 0.2293 -0.8608 0.4545
vn -0.0018 -0.9994 0.0348
vn -0.2359 -0.8855 -0.4003
vn -0.4152 -0.5237 -0.7438
vn -0.5882 -0.5352 -0.6063
vn -0.1728 0.5608 -0.8097
vn -0.2269 0.0202 -0.9737
vn 0.1889 -0.4621 0.8665
vn -0.2080 -0.5268 -0.8241
vn -0.1914 0.6288 -0.7536
vn -0.2262 0.4910 -0.8413
vn -0.2851 0.0790 -0.9552
vn -0.2872 0.0504 -0.9565
vn 0.1867 0.9794 -0.0766
vn 0.3146 0.8812 -0.3529
vn 0.0091 0.9960 0.0888
vn 0.1404 0.9899 -0.0168
vn -0.1911 0.9441 0.2687
vn -0.0482 0.9495 0.3099
vn 0.2923 0.3208 0.9009
vn 0.2785 0.4983 0.8210
vn 0.2871 -0.0514 0.9565
vn 0.2859 -0.0684 0.9558
vn 0.2415 -0.4155 0.8770
vn 0.1960 -0.6129 0.7654
vn -0.3217 -0.9239 0.2073
vn -0.2337 -0.9532 0.1918
vn -0.1297 -0.9913 0.0228
vn -0.0495 -0.9882 -0.1448
vn 0.0491 -0.9887 -0.1419
vn 0.1426 -0.8759 -0.4609
vn -0.2724 -0.5475 -0.7912
vn -0.2907 -0.3521 -0.8897
vn 0.8354 0.4412 0.3279
vn 0.7921 0.5248 0.3116
vn 0.9293 -0.0781 0.3609
vn 0.9260 -0.1153 0.3594
vn 0.2668 0.8884 0.3736
vn 0.0097 0.9999 0.0083
vn -0.2394 0.9077 -0.3447
vn -0.7879 0.5362 -0.3028
vn -0.8377 0.4405 -0.3228
vn -0.9279 0.0956 -0.3603
vn -0.9294 0.0778 -0.3609
vn -0.8685 -0.3605 -0.3402
vn -0.8897 -0.2955 -0.3480
vn -0.3411 -0.8086 -0.4795
vn -0.1023 -0.9849 -0.1398
vn 0.1541 -0.9623 0.2239
vn 0.7230 -0.6329 0.2769
vn 0.7086 -0.6514 0.2712
vn -0.4828 0.7194 0.4993
vn 0.0301 0.4443 0.8954
vn 0.0264 -0.1115 0.9934
vn 0.0270 -0.0678 0.9973
vn -0.1630 0.9543 0.2506
vn 0.0999 0.9946 0.0286
vn 0.3653 0.9067 -0.2107
vn -0.0189 0.4794 -0.8774
vn -0.0174 0.5330 -0.8459
vn -0.0268 0.0793 -0.9965
vn -0.0267 0.0920 -0.9954
vn -0.0301 -0.3400 -0.9399
vn -0.0301 -0.3636 -0.9311
vn 0.3075 -0.8782 -0.3665
vn 0.0417 -0.9878 -0.1500
vn -0.2234 -0.9714 0.0806
vn 0.0147 -0.6205 0.7841
vn 0.0143 -0.6302 0.7763
vn -0.7827 0.5735 -0.2418
vn -0.9826 0.0669 -0.1731
vn -0.9378 0.0676 -0.3405
vn -0.4093 0.9092 -0.0765
vn 0.0668 0.9921 0.1060
vn 0.5186 0.8151 0.2582
vn 0.8360 0.4280 0.3436
vn 0.9125 0.3553 0.2026
vn 0.9377 -0.0712 0.3402
vn 0.9831 -0.0554 0.1744
vn 0.7959 -0.5521 0.2484
vn 0.8797 -0.4616 0.1147
vn 0.4486 -0.8889 0.0927
vn -0.0141 -0.9961 -0.0869
vn -0.4785 -0.8430 -0.2457
vn -0.8219 -0.4565 -0.3407
vn -0.8378 -0.5064 -0.2041
vn -0.6628 0.6654 -0.3435
vn -0.8641 0.0868 -0.4957
vn 0.0719 0.9965 -0.0430
vn 0.0435 0.9855 0.1642
vn 0.0082 0.9190 0.3941
vn 0.8257 0.2700 0.4953
vn 0.8640 -0.0899 0.4954
vn 0.7902 -0.4353 0.4314
vn -0.0944 -0.9699 0.2246
vn -0.0641 -0.9978 -0.0157
vn -0.0351 -0.9746 -0.2213
vn -0.7211 -0.5265 -0.4504
vn 0.9194 0.3394 -0.1987
vn 0.8101 0.5677 -0.1465
vn 0.9674 -0.0348 -0.2508
vn 0.9630 -0.0863 -0.2552
vn -0.7320 0.6320 0.2542
vn -0.8842 0.3836 0.2666
vn -0.9618 0.0968 0.2560
vn -0.9676 0.0317 0.2505
vn -0.8646 -0.4726 0.1706
vn -0.9251 -0.3215 0.2021
vn 0.8250 -0.4997 -0.2639
vn 0.7392 -0.6234 -0.2551
vn 0.3020 0.9350 0.1861
vn 0.7437 0.4983 -0.4457
vn 0.8540 0.0029 -0.5202
vn 0.8345 -0.3993 0.3798
vn 0.0172 0.9984 0.0537
vn 0.4417 0.8597 -0.2564
vn -0.1245 0.9921 -0.0143
vn 0.0357 0.9993 -0.0070
vn -0.2713 0.9587 -0.0858
vn -0.3780 0.8932 0.2434
vn -0.5344 0.8167 -0.2178
vn -0.7087 0.5516 0.4399
vn -0.9004 0.0931 -0.4250
vn -0.8534 0.0295 0.5204
vn -0.6190 -0.2896 0.7300
vn -0.7333 -0.5191 0.4392
vn -0.1740 -0.9765 -0.1271
vn -0.3890 -0.8936 0.2239
vn 0.0152 -0.9992 -0.0383
vn 0.0446 -0.9981 -0.0418
vn 0.1501 -0.9883 0.0267
vn 0.4493 -0.8463 -0.2861
vn 0.5280 -0.6768 -0.5130
vn 0.7427 -0.4870 -0.4596
vn -0.1323 0.4225 0.8966
vn -0.1210 -0.0823 0.9892
vn -0.1089 0.8158 0.5680
vn -0.0567 0.9943 0.0899
vn 0.0104 0.9110 -0.4124
vn 0.0750 0.5858 -0.8070
vn 0.1198 0.1019 -0.9876
vn 0.1325 -0.4128 -0.9011
vn 0.1863 -0.2126 -0.9592
vn 0.1088 -0.8164 -0.5671
vn 0.0552 -0.9955 -0.0773
vn -0.0131 -0.9022 0.4310
vn -0.0775 -0.5668 0.8202
vn -0.0414 -0.7310 0.6811
vn -0.0679 0.4450 0.8930
vn -0.0819 -0.1102 0.9905
vn -0.2353 0.8940 0.3813
vn 0.0421 0.9984 0.0378
vn 0.3058 0.9013 -0.3067
vn 0.0741 0.5423 -0.8369
vn 0.0819 0.1056 -0.9910
vn 0.0722 -0.3527 -0.9330
vn 0.3208 -0.8149 -0.4827
vn 0.0580 -0.9848 -0.1638
vn -0.2183 -0.9572 0.1902
vn -0.4828 -0.6796 0.5522
vn -0.8241 0.4724 0.3125
vn -0.8097 0.4982 0.3101
vn -0.9501 -0.0478 0.3082
vn -0.9488 -0.0837 0.3047
vn -0.3568 0.9289 -0.0991
vn 0.0678 0.9968 0.0434
vn 0.4559 0.8737 0.1699
vn 0.8393 0.4913 -0.2328
vn 0.8414 0.4871 -0.2339
vn 0.9501 0.0486 -0.3082
vn 0.9502 0.0431 -0.3087
vn 0.8621 -0.3945 -0.3182
vn 0.8556 -0.4090 -0.3173
vn 0.4940 -0.8571 0.1462
vn 0.0935 -0.9956 0.0102
vn -0.3094 -0.9430 -0.1226
vn -0.7678 -0.6090 0.1990
vn 0.3489 0.6099 -0.7115
vn -0.4790 0.4940 -0.7256
vn -0.5766 -0.0602 -0.8148
vn -0.5766 -0.0870 -0.8124
vn 0.2305 0.9380 -0.2590
vn 0.1212 0.9908 0.0605
vn 0.0070 0.9365 0.3506
vn -0.1436 0.7216 0.6772
vn 0.5268 0.4717 0.7072
vn -0.3111 0.2014 0.9288
vn 0.5760 0.0253 0.8171
vn 0.5172 -0.3753 0.7692
vn 0.5050 -0.4170 0.7557
vn -0.2874 -0.8452 0.4505
vn -0.1833 -0.9763 0.1146
vn -0.0773 -0.9812 -0.1768
vn -0.4704 -0.6354 -0.6124
vn -0.4883 -0.5914 -0.6417
vn 0.9151 -0.3029 -0.2660
vn -0.9602 -0.1615 0.2280
vn 0.5732 -0.7864 -0.2301
# 582 vertex normals

vt 0.6618 0.5232 0.0000
vt 0.6650 0.4179 0.0000
vt 0.6651 0.4179 0.0000
vt 0.6619 0.5232 0.0000
vt 0.6617 0.5232 0.0000
vt 0.6649 0.4181 0.0000
vt 0.9476 0.1495 0.0000
vt 0.8515 0.1932 0.0000
vt 0.8512 0.1932 0.0000
vt 0.9475 0.1495 0.0000
vt 0.9477 0.1496 0.0000
vt 0.8518 0.1932 0.0000
vt 0.9478 0.1496 0.0000
vt 0.8520 0.1931 0.0000
vt 0.1248 0.8038 0.0000
vt 0.1238 0.9072 0.0000
vt 0.1237 0.9073 0.0000
vt 0.1247 0.8039 0.0000
vt 0.1249 0.8039 0.0000
vt 0.1239 0.9073 0.0000
vt 0.0272 0.8032 0.0000
vt 0.0271 0.9032 0.0000
vt 0.0270 0.9030 0.0000
vt 0.0271 0.8031 0.0000
vt 0.6346 0.2551 0.0000
vt 0.5386 0.2114 0.0000
vt 0.5388 0.2114 0.0000
vt 0.6347 0.2550 0.0000
vt 0.6345 0.2551 0.0000
vt 0.5383 0.2114 0.0000
vt 0.6344 0.2552 0.0000
vt 0.5381 0.2114 0.0000
vt 0.6652 0.4180 0.0000
vt 0.6620 0.5232 0.0000
vt 0.0105 0.3979 0.0000
vt 0.0133 0.5514 0.0000
vt 0.0104 0.3979 0.0000
vt 0.6673 0.5646 0.0000
vt 0.6717 0.4177 0.0000
vt 0.6718 0.4178 0.0000
vt 0.6673 0.5645 0.0000
vt 0.9101 0.0002 0.0000
vt 0.9100 0.0002 0.0000
vt 0.9102 0.0001 0.0000
vt 0.0135 0.4197 0.0000
vt 0.0164 0.5738 0.0000
vt 0.0163 0.5737 0.0000
vt 0.0134 0.4198 0.0000
vt 0.0136 0.4197 0.0000
vt 0.0165 0.5738 0.0000
vt 0.0137 0.4197 0.0000
vt 0.0245 0.7179 0.0000
vt 0.0231 0.8651 0.0000
vt 0.0230 0.8651 0.0000
vt 0.0244 0.7179 0.0000
vt 0.5971 0.4044 0.0000
vt 0.5971 0.4045 0.0000
vt 0.5970 0.4043 0.0000
vt 0.0103 0.3979 0.0000
vt 0.0132 0.5515 0.0000
vt 0.0131 0.5515 0.0000
vt 0.0102 0.3979 0.0000
vt 0.0757 0.6621 0.0000
vt 0.0707 0.4309 0.0000
vt 0.0708 0.4309 0.0000
vt 0.0758 0.6620 0.0000
vt 0.0757 0.6623 0.0000
vt 0.0707 0.4308 0.0000
vt 0.6821 0.0028 0.0000
vt 0.6825 0.0029 0.0000
vt 0.6818 0.0027 0.0000
vt 0.6815 0.0027 0.0000
vt 0.9102 0.0000 0.0000
vt 0.0817 0.4295 0.0000
vt 0.0854 0.6623 0.0000
vt 0.0853 0.6623 0.0000
vt 0.0816 0.4296 0.0000
vt 0.0818 0.4296 0.0000
vt 0.0855 0.6623 0.0000
vt 0.0819 0.4298 0.0000
vt 0.0856 0.6622 0.0000
vt 0.3691 0.4018 0.0000
vt 0.3687 0.4019 0.0000
vt 0.3695 0.4017 0.0000
vt 0.3697 0.4017 0.0000
vt 0.0709 0.4309 0.0000
vt 0.0759 0.6621 0.0000
vt 0.0535 0.5658 0.0000
vt 0.0539 0.4358 0.0000
vt 0.0540 0.4358 0.0000
vt 0.0535 0.5659 0.0000
vt 0.0534 0.5656 0.0000
vt 0.0539 0.4355 0.0000
vt 0.7983 0.0606 0.0000
vt 0.7985 0.0606 0.0000
vt 0.7980 0.0606 0.0000
vt 0.7979 0.0606 0.0000
vt 0.0518 0.4361 0.0000
vt 0.0533 0.5651 0.0000
vt 0.0532 0.5650 0.0000
vt 0.0517 0.4360 0.0000
vt 0.0519 0.4360 0.0000
vt 0.0534 0.5651 0.0000
vt 0.2367 0.9353 0.0000
vt 0.1122 0.9391 0.0000
vt 0.1120 0.9390 0.0000
vt 0.2366 0.9352 0.0000
vt 0.4853 0.3439 0.0000
vt 0.4851 0.3439 0.0000
vt 0.4856 0.3438 0.0000
vt 0.4857 0.3439 0.0000
vt 0.0541 0.4357 0.0000
vt 0.0536 0.5659 0.0000
vt 0.0377 0.0021 0.0000
vt 0.0373 0.1172 0.0000
vt 0.0372 0.1173 0.0000
vt 0.0376 0.0022 0.0000
vt 0.6861 0.0874 0.0000
vt 0.7987 0.0607 0.0000
vt 0.6862 0.0874 0.0000
vt 0.6859 0.0873 0.0000
vt 0.6858 0.0872 0.0000
vt 0.6616 0.4096 0.0000
vt 0.6576 0.5241 0.0000
vt 0.6575 0.5243 0.0000
vt 0.6617 0.4096 0.0000
vt 0.6577 0.5241 0.0000
vt 0.6618 0.4097 0.0000
vt 0.6578 0.5242 0.0000
vt 0.3729 0.3173 0.0000
vt 0.4849 0.3439 0.0000
vt 0.3728 0.3174 0.0000
vt 0.3730 0.3172 0.0000
vt 0.3731 0.3172 0.0000
vt 0.0375 0.0022 0.0000
vt 0.0372 0.1172 0.0000
vt 0.0371 0.1171 0.0000
vt 0.0375 0.0021 0.0000
vt 0.0396 0.5680 0.0000
vt 0.0550 0.6580 0.0000
vt 0.0549 0.6580 0.0000
vt 0.0395 0.5680 0.0000
vt 0.7118 0.1757 0.0000
vt 0.7119 0.1758 0.0000
vt 0.7117 0.1757 0.0000
vt 0.7116 0.1757 0.0000
vt 0.9534 0.8049 0.0000
vt 0.9689 0.7148 0.0000
vt 0.9690 0.7148 0.0000
vt 0.9535 0.8050 0.0000
vt 0.9533 0.8049 0.0000
vt 0.9688 0.7148 0.0000
vt 0.9532 0.8049 0.0000
vt 0.9687 0.7148 0.0000
vt 0.3987 0.2289 0.0000
vt 0.3986 0.2289 0.0000
vt 0.3988 0.2289 0.0000
vt 0.3989 0.2289 0.0000
vt 0.0394 0.5680 0.0000
vt 0.0548 0.6580 0.0000
vt 0.0393 0.5680 0.0000
vt 0.1220 0.9057 0.0000
vt 0.1236 0.8159 0.0000
vt 0.1237 0.8159 0.0000
vt 0.1221 0.9057 0.0000
vt 0.6527 0.2484 0.0000
vt 0.6526 0.2483 0.0000
vt 0.6525 0.2483 0.0000
vt 0.9677 0.9713 0.0000
vt 0.9657 0.8814 0.0000
vt 0.9658 0.8814 0.0000
vt 0.9678 0.9712 0.0000
vt 0.9376 0.8790 0.0000
vt 0.9377 0.8790 0.0000
vt 0.2016 0.9351 0.0000
vt 0.1117 0.9332 0.0000
vt 0.1117 0.9331 0.0000
vt 0.2016 0.9350 0.0000
vt 0.3395 0.1562 0.0000
vt 0.3394 0.1562 0.0000
vt 0.3396 0.1562 0.0000
vt 0.3397 0.1562 0.0000
vt 0.2016 0.9316 0.0000
vt 0.1117 0.9330 0.0000
vt 0.1117 0.9329 0.0000
vt 0.2017 0.9315 0.0000
vt 0.0238 0.4940 0.0000
vt 0.0237 0.4940 0.0000
vt 0.0519 0.3961 0.0000
vt 0.0239 0.4940 0.0000
vt 0.0518 0.3962 0.0000
vt 0.6788 0.3446 0.0000
vt 0.6788 0.3444 0.0000
vt 0.6788 0.3448 0.0000
vt 0.6788 0.3451 0.0000
vt 0.9660 0.9777 0.0000
vt 0.9378 0.8790 0.0000
vt 0.9660 0.9775 0.0000
vt 0.9659 0.9778 0.0000
vt 0.9658 0.9777 0.0000
vt 0.9375 0.8790 0.0000
vt 0.3658 0.0596 0.0000
vt 0.3658 0.0594 0.0000
vt 0.3658 0.0598 0.0000
vt 0.3659 0.0600 0.0000
vt 0.0517 0.3962 0.0000
vt 0.0236 0.4940 0.0000
vt 0.0517 0.3960 0.0000
vt 0.1095 0.7498 0.0000
vt 0.1982 0.7465 0.0000
vt 0.1981 0.7466 0.0000
vt 0.1094 0.7499 0.0000
vt 0.1096 0.7498 0.0000
vt 0.1984 0.7464 0.0000
vt 0.7192 0.2661 0.0000
vt 0.7192 0.2660 0.0000
vt 0.7192 0.2663 0.0000
vt 0.0821 0.9391 0.0000
vt 0.0801 0.8511 0.0000
vt 0.0802 0.8513 0.0000
vt 0.0822 0.9392 0.0000
vt 0.0820 0.9391 0.0000
vt 0.0800 0.8511 0.0000
vt 0.0268 0.8892 0.0000
vt 0.0269 0.8013 0.0000
vt 0.0270 0.8012 0.0000
vt 0.0269 0.8892 0.0000
vt 0.0267 0.8893 0.0000
vt 0.0268 0.8015 0.0000
vt 0.4061 0.1384 0.0000
vt 0.4061 0.1382 0.0000
vt 0.4061 0.1386 0.0000
vt 0.1168 0.6090 0.0000
vt 0.1156 0.5243 0.0000
vt 0.1157 0.5242 0.0000
vt 0.1169 0.6089 0.0000
vt 0.1982 0.7467 0.0000
vt 0.1095 0.7500 0.0000
vt 0.1092 0.7543 0.0000
vt 0.2667 0.7500 0.0000
vt 0.2667 0.7501 0.0000
vt 0.1090 0.7542 0.0000
vt 0.2666 0.7500 0.0000
vt 0.7967 0.4041 0.0000
vt 0.7967 0.4038 0.0000
vt 0.7968 0.4044 0.0000
vt 0.7969 0.4047 0.0000
vt 0.7192 0.2665 0.0000
vt 0.1099 0.9314 0.0000
vt 0.2662 0.9307 0.0000
vt 0.2662 0.9308 0.0000
vt 0.1101 0.9315 0.0000
vt 0.1100 0.9313 0.0000
vt 0.2662 0.9306 0.0000
vt 0.1128 0.7444 0.0000
vt 0.2637 0.7452 0.0000
vt 0.2636 0.7452 0.0000
vt 0.1126 0.7444 0.0000
vt 0.4838 0.0003 0.0000
vt 0.4839 0.0000 0.0000
vt 0.4837 0.0006 0.0000
vt 0.4837 0.0009 0.0000
vt 0.4061 0.1387 0.0000
vt 0.2667 0.7502 0.0000
vt 0.1090 0.7544 0.0000
vt 0.9294 0.8902 0.0000
vt 0.9306 0.9718 0.0000
vt 0.9305 0.9717 0.0000
vt 0.9293 0.8902 0.0000
vt 0.9295 0.8903 0.0000
vt 0.9307 0.9719 0.0000
vt 0.8007 0.3225 0.0000
vt 0.8006 0.3224 0.0000
vt 0.8008 0.3226 0.0000
vt 0.9292 0.9726 0.0000
vt 0.9273 0.8902 0.0000
vt 0.9274 0.8904 0.0000
vt 0.9293 0.9726 0.0000
vt 0.9291 0.9726 0.0000
vt 0.9272 0.8902 0.0000
vt 0.9290 0.9726 0.0000
vt 0.9272 0.8904 0.0000
vt 0.4877 0.0820 0.0000
vt 0.4878 0.0820 0.0000
vt 0.4876 0.0821 0.0000
vt 0.4876 0.0822 0.0000
vt 0.9304 0.9719 0.0000
vt 0.9293 0.8903 0.0000
vt 0.0346 0.1027 0.0000
vt 0.0369 0.0031 0.0000
vt 0.0370 0.0031 0.0000
vt 0.0347 0.1027 0.0000
vt 0.0345 0.1028 0.0000
vt 0.0368 0.0032 0.0000
vt 0.8995 0.3255 0.0000
vt 0.8995 0.3254 0.0000
vt 0.8996 0.3255 0.0000
vt 0.8996 0.3256 0.0000
vt 0.6668 0.4237 0.0000
vt 0.6652 0.5232 0.0000
vt 0.6652 0.5233 0.0000
vt 0.6667 0.4237 0.0000
vt 0.6669 0.4237 0.0000
vt 0.6653 0.5232 0.0000
vt 0.6670 0.4237 0.0000
vt 0.6654 0.5233 0.0000
vt 0.5865 0.0791 0.0000
vt 0.5866 0.0790 0.0000
vt 0.5864 0.0792 0.0000
vt 0.0371 0.0032 0.0000
vt 0.0347 0.1028 0.0000
vt 0.1190 0.8382 0.0000
vt 0.1218 0.7871 0.0000
vt 0.1219 0.7871 0.0000
vt 0.1191 0.8382 0.0000
vt 0.9173 0.2789 0.0000
vt 0.9172 0.2788 0.0000
vt 0.9174 0.2789 0.0000
vt 0.9175 0.2790 0.0000
vt 0.1190 0.8356 0.0000
vt 0.1100 0.7861 0.0000
vt 0.1101 0.7861 0.0000
vt 0.1191 0.8356 0.0000
vt 0.1189 0.8356 0.0000
vt 0.2293 0.8378 0.0000
vt 0.2345 0.7892 0.0000
vt 0.2346 0.7891 0.0000
vt 0.2294 0.8378 0.0000
vt 0.6044 0.1257 0.0000
vt 0.6044 0.1256 0.0000
vt 0.6043 0.1257 0.0000
vt 0.6042 0.1258 0.0000
vt 0.1220 0.7871 0.0000
vt 0.1192 0.8382 0.0000
vt 0.1211 0.9096 0.0000
vt 0.1212 0.9096 0.0000
vt 0.9710 0.2238 0.0000
vt 0.9709 0.2238 0.0000
vt 0.9712 0.2237 0.0000
vt 0.9713 0.2237 0.0000
vt 0.1111 0.9084 0.0000
vt 0.1112 0.9084 0.0000
vt 0.1110 0.9084 0.0000
vt 0.2322 0.9067 0.0000
vt 0.2323 0.9067 0.0000
vt 0.6582 0.1809 0.0000
vt 0.6583 0.1809 0.0000
vt 0.6580 0.1809 0.0000
vt 0.6578 0.1808 0.0000
vt 0.1213 0.9096 0.0000
vt 0.0832 0.9409 0.0000
vt 0.0822 0.8192 0.0000
vt 0.0823 0.8192 0.0000
vt 0.0833 0.9409 0.0000
vt 0.0831 0.9407 0.0000
vt 0.0821 0.8191 0.0000
vt 0.6731 0.4477 0.0000
vt 0.6719 0.5690 0.0000
vt 0.6718 0.5689 0.0000
vt 0.6730 0.4476 0.0000
vt 0.6732 0.4477 0.0000
vt 0.6720 0.5690 0.0000
vt 0.6733 0.4475 0.0000
vt 0.6721 0.5689 0.0000
vt 0.0824 0.8191 0.0000
vt 0.0833 0.9408 0.0000
vt 0.6359 0.3855 0.0000
vt 0.6335 0.2133 0.0000
vt 0.0516 0.4237 0.0000
vt 0.2245 0.3972 0.0000
vt 0.2245 0.3971 0.0000
vt 0.0515 0.4237 0.0000
vt 0.0530 0.9819 0.0000
vt 0.0556 0.8115 0.0000
vt 0.0557 0.8115 0.0000
vt 0.0529 0.9819 0.0000
vt 0.5319 0.6297 0.0000
vt 0.5332 0.4653 0.0000
vt 0.5320 0.6297 0.0000
vt 0.2818 0.7044 0.0000
vt 0.1081 0.6844 0.0000
vt 0.1080 0.6843 0.0000
vt 0.2818 0.7045 0.0000
vt 0.2817 0.7045 0.0000
vt 0.6336 0.2133 0.0000
vt 0.6360 0.3855 0.0000
vt 0.7154 0.6206 0.0000
vt 0.9484 0.6167 0.0000
vt 0.0586 0.6628 0.0000
vt 0.0517 0.4238 0.0000
vt 0.0586 0.6629 0.0000
vt 0.0585 0.6629 0.0000
vt 0.0164 0.6883 0.0000
vt 0.0167 0.9215 0.0000
vt 0.0166 0.9214 0.0000
vt 0.0165 0.6883 0.0000
vt 0.7194 0.6207 0.0000
vt 0.9447 0.6249 0.0000
vt 0.9447 0.6250 0.0000
vt 0.7194 0.6208 0.0000
vt 0.2838 0.9437 0.0000
vt 0.2819 0.7044 0.0000
vt 0.2839 0.9437 0.0000
vt 0.2838 0.9436 0.0000
vt 0.7194 0.6334 0.0000
vt 0.9444 0.6252 0.0000
vt 0.7154 0.6207 0.0000
vt 0.9233 0.6130 0.0000
vt 0.7153 0.6167 0.0000
vt 0.7154 0.6166 0.0000
vt 0.9233 0.6129 0.0000
vt 0.2703 0.6916 0.0000
vt 0.2704 0.6916 0.0000
vt 0.2704 0.6917 0.0000
vt 0.4617 0.9712 0.0000
vt 0.4645 0.7630 0.0000
vt 0.4646 0.7630 0.0000
vt 0.4617 0.9711 0.0000
vt 0.5238 0.6291 0.0000
vt 0.5277 0.4281 0.0000
vt 0.5278 0.4281 0.0000
vt 0.0732 0.9804 0.0000
vt 0.0732 0.9803 0.0000
vt 0.0032 0.4045 0.0000
vt 0.0056 0.6054 0.0000
vt 0.7153 0.6166 0.0000
vt 0.0354 0.7998 0.0000
vt 0.0274 0.9753 0.0000
vt 0.0273 0.9753 0.0000
vt 0.2838 0.5171 0.0000
vt 0.2839 0.5171 0.0000
vt 0.0660 0.1224 0.0000
vt 0.0343 0.2932 0.0000
vt 0.0342 0.2932 0.0000
vt 0.0659 0.1224 0.0000
vt 0.0241 0.5712 0.0000
vt 0.0166 0.4017 0.0000
vt 0.0167 0.4017 0.0000
vt 0.0242 0.5712 0.0000
vt 0.0532 0.8064 0.0000
vt 0.0533 0.8064 0.0000
vt 0.6986 0.5693 0.0000
vt 0.6746 0.4041 0.0000
vt 0.0247 0.6838 0.0000
vt 0.0246 0.6838 0.0000
vt 0.0383 0.0013 0.0000
vt 0.0384 0.0013 0.0000
vt 0.0135 0.6833 0.0000
vt 0.0136 0.6833 0.0000
vt 0.6675 0.6846 0.0000
vt 0.6553 0.9559 0.0000
vt 0.6520 0.7580 0.0000
vt 0.6554 0.9559 0.0000
vt 0.0631 0.0008 0.0000
vt 0.2338 0.1086 0.0000
vt 0.2338 0.1087 0.0000
vt 0.0630 0.0007 0.0000
vt 0.2337 0.1086 0.0000
vt 0.0707 0.6591 0.0000
vt 0.0635 0.4612 0.0000
vt 0.0636 0.4612 0.0000
vt 0.0707 0.6590 0.0000
vt 0.5318 0.6293 0.0000
vt 0.5279 0.4380 0.0000
vt 0.5279 0.4381 0.0000
vt 0.9710 0.3979 0.0000
vt 0.8045 0.5120 0.0000
vt 0.9711 0.3978 0.0000
vt 0.8045 0.5121 0.0000
vt 0.9710 0.3980 0.0000
vt 0.9225 0.9143 0.0000
vt 0.9223 0.7232 0.0000
vt 0.4616 0.7616 0.0000
vt 0.4601 1.0000 0.0000
vt 0.4601 0.9999 0.0000
vt 0.4617 0.7616 0.0000
vt 0.0876 0.2402 0.0000
vt 0.0875 0.2402 0.0000
vt 0.6519 0.9938 0.0000
vt 0.6504 0.7580 0.0000
vt 0.6520 0.9938 0.0000
vt 0.6503 0.7580 0.0000
vt 0.0186 0.9201 0.0000
vt 0.0167 0.6921 0.0000
vt 0.0168 0.6920 0.0000
vt 0.9555 0.6381 0.0000
vt 0.9554 0.6381 0.0000
vt 0.0022 0.0014 0.0000
vt 0.0051 0.2587 0.0000
vt 0.0021 0.0014 0.0000
vt 0.0052 0.2587 0.0000
vt 0.3341 0.3156 0.0000
vt 0.3342 0.3156 0.0000
vt 0.3342 0.3157 0.0000
vt 0.9242 0.9747 0.0000
vt 0.9272 0.7173 0.0000
vt 0.9271 0.7173 0.0000
vt 0.9241 0.9747 0.0000
vt 0.7119 0.7227 0.0000
vt 0.7119 0.7226 0.0000
vt 0.6559 0.5226 0.0000
vt 0.6574 0.3984 0.0000
vt 0.6575 0.3984 0.0000
vt 0.6560 0.5226 0.0000
vt 0.3450 0.1920 0.0000
vt 0.3341 0.3155 0.0000
vt 0.3451 0.1920 0.0000
vt 0.0352 0.8083 0.0000
vt 0.0561 0.6867 0.0000
vt 0.0187 0.8701 0.0000
vt 0.0247 0.9900 0.0000
vt 0.6964 0.5996 0.0000
vt 0.6963 0.5996 0.0000
vt 0.0143 0.1904 0.0000
vt 0.0342 0.3074 0.0000
vt 0.6672 0.7078 0.0000
vt 0.2950 0.0014 0.0000
vt 0.2950 0.0015 0.0000
vt 0.2950 0.0013 0.0000
vt 0.0529 0.9977 0.0000
vt 0.0528 0.9978 0.0000
vt 0.0229 0.6908 0.0000
vt 0.7392 0.4071 0.0000
vt 0.7392 0.4072 0.0000
vt 0.7393 0.4072 0.0000
vt 0.0316 0.0082 0.0000
vt 0.6673 0.7078 0.0000
vt 0.2324 0.7453 0.0000
vt 0.1095 0.7464 0.0000
vt 0.1094 0.7465 0.0000
vt 0.2337 0.1085 0.0000
vt 0.2950 0.0012 0.0000
vt 0.0842 0.8174 0.0000
vt 0.0833 0.9391 0.0000
vt 0.0833 0.9390 0.0000
vt 0.0843 0.8174 0.0000
vt 0.0834 0.9390 0.0000
vt 0.2347 0.7878 0.0000
vt 0.2372 0.9052 0.0000
vt 0.2371 0.9052 0.0000
vt 0.7393 0.4073 0.0000
vt 0.1094 0.7464 0.0000
vt 0.2324 0.7452 0.0000
vt 0.0051 0.2555 0.0000
vt 0.0140 0.0025 0.0000
vt 0.0052 0.2555 0.0000
vt 0.0051 0.2556 0.0000
vt 0.0139 0.0025 0.0000
vt 0.4626 0.7615 0.0000
vt 0.5211 0.5127 0.0000
vt 0.5212 0.5127 0.0000
vt 0.4627 0.7614 0.0000
vt 0.4626 0.7616 0.0000
vt 0.4625 0.7617 0.0000
vt 0.0031 0.4010 0.0000
vt 0.0017 0.6517 0.0000
vt 0.0031 0.4011 0.0000
vt 0.9226 0.7242 0.0000
vt 0.9241 0.9662 0.0000
vt 0.9226 0.7241 0.0000
vt 0.4665 0.7666 0.0000
vt 0.4178 0.5157 0.0000
vt 0.4666 0.7667 0.0000
vt 0.4665 0.7665 0.0000
vt 0.4177 0.5157 0.0000
vt 0.4664 0.7664 0.0000
vt 0.0052 0.2556 0.0000
vt 0.0056 0.5722 0.0000
vt 0.0102 0.3980 0.0000
vt 0.0101 0.3979 0.0000
vt 0.5874 0.6375 0.0000
vt 0.5874 0.6374 0.0000
vt 0.9382 0.8910 0.0000
vt 0.9271 0.7167 0.0000
vt 0.9381 0.8910 0.0000
vt 0.9270 0.7168 0.0000
vt 0.3467 0.6378 0.0000
vt 0.3466 0.6378 0.0000
vt 0.3467 0.6377 0.0000
vt 0.0057 0.5722 0.0000
vt 0.0135 0.6626 0.0000
vt 0.0136 0.6626 0.0000
vt 0.6574 0.5792 0.0000
vt 0.6573 0.5792 0.0000
vt 0.6574 0.5793 0.0000
vt 0.6575 0.5793 0.0000
vt 0.9336 0.9818 0.0000
vt 0.9337 0.9818 0.0000
vt 0.9336 0.9817 0.0000
vt 0.2790 0.5769 0.0000
vt 0.2791 0.5768 0.0000
vt 0.0758 0.6602 0.0000
vt 0.0816 0.4714 0.0000
vt 0.0817 0.4714 0.0000
vt 0.0759 0.6602 0.0000
vt 0.6020 0.3970 0.0000
vt 0.6021 0.3969 0.0000
vt 0.0021 0.0039 0.0000
vt 0.0000 0.1907 0.0000
vt 0.0000 0.1906 0.0000
vt 0.0001 0.1907 0.0000
vt 0.6555 0.4043 0.0000
vt 0.6560 0.5848 0.0000
vt 0.3415 0.3969 0.0000
vt 0.3415 0.3970 0.0000
vt 0.0248 0.9240 0.0000
vt 0.0267 0.8007 0.0000
vt 0.0266 0.8006 0.0000
vt 0.4773 0.3970 0.0000
vt 0.4772 0.3969 0.0000
vt 0.0339 0.1885 0.0000
vt 0.0321 0.0663 0.0000
vt 0.0320 0.0663 0.0000
vt 0.0799 0.9369 0.0000
vt 0.0764 0.8190 0.0000
vt 0.0799 0.9370 0.0000
vt 0.4662 0.4018 0.0000
vt 0.4661 0.4018 0.0000
vt 0.0249 0.9240 0.0000
vt 0.2394 0.9093 0.0000
vt 0.2385 0.7875 0.0000
vt 0.2385 0.7876 0.0000
vt 0.2395 0.9093 0.0000
vt 0.2384 0.7875 0.0000
vt 0.2384 0.7874 0.0000
vt 0.2372 0.9093 0.0000
vt 0.2385 0.7874 0.0000
vt 0.2373 0.9093 0.0000
# 628 texture coords

g Line01
usemtl wire_000000000
s 40
f 1/1/1 2/2/2 3/3/3 4/4/4 
s 24
f 5/5/5 6/6/6 2/2/2 1/1/1 
s 219
f 7/7/7 8/8/8 6/9/6 5/10/5 
s 507
f 9/11/9 10/12/10 8/8/8 7/7/7 
s 160
f 11/13/11 12/14/12 10/12/10 9/11/9 
s 40
f 13/15/13 14/16/14 12/17/12 11/18/11 
f 15/19/15 16/20/16 14/16/14 13/15/13 
s 24
f 17/21/17 18/22/18 16/23/16 15/24/15 
s 219
f 19/25/19 20/26/20 18/27/18 17/28/17 
s 507
f 21/29/21 22/30/22 20/26/20 19/25/19 
s 160
f 23/31/23 24/32/24 22/30/22 21/29/21 
s 32
f 4/4/4 3/3/3 24/33/24 23/34/23 
s 6
f 25/35/25 1/36/26 4/36/27 26/37/28 
s 194
f 27/38/29 5/39/5 1/40/26 25/41/25 
s 226
f 28/42/30 7/7/7 5/10/5 27/43/29 
s 486
f 29/44/31 9/11/9 7/7/7 28/42/30 
s 262
f 30/45/32 11/46/33 9/47/9 29/48/31 
s 6
f 31/49/34 13/50/35 11/46/33 30/45/32 
s 2
f 32/51/36 15/50/37 13/50/35 31/49/34 
s 70
f 33/52/38 17/53/17 15/54/37 32/55/36 
s 230
f 34/56/39 19/25/19 17/28/17 33/57/38 
s 486
f 35/58/40 21/29/21 19/25/19 34/56/39 
s 262
f 36/59/41 23/60/42 21/61/21 35/62/40 
s 6
f 26/37/28 4/36/27 23/60/42 36/59/41 
s 40
f 37/63/43 25/64/25 26/65/44 38/66/45 
s 168
f 39/67/46 27/68/29 25/64/25 37/63/43 
s 247
f 40/69/47 28/42/30 27/43/29 39/70/46 
s 190
f 41/71/48 29/44/31 28/42/30 40/69/47 
s 8
f 42/72/49 30/73/50 29/44/31 41/71/48 
f 43/74/51 31/75/52 30/76/50 42/77/49 
s 40
f 44/78/53 32/79/36 31/75/52 43/74/51 
s 44
f 45/80/54 33/81/38 32/79/36 44/78/53 
s 119
f 46/82/55 34/56/39 33/57/38 45/83/54 
s 126
f 47/84/56 35/58/40 34/56/39 46/82/55 
s 8
f 48/85/57 36/58/58 35/58/40 47/84/56 
f 38/66/45 26/65/44 36/86/58 48/87/57 
s 278
f 49/88/59 37/89/60 38/90/61 50/91/62 
s 1108
f 51/92/63 39/93/46 37/89/60 49/88/59 
s 7766
f 52/94/64 40/69/47 39/70/46 51/95/63 
s 7570
f 53/96/65 41/71/48 40/69/47 52/94/64 
s 448
f 54/97/66 42/72/67 41/71/48 53/96/65 
s 338
f 55/98/68 43/99/69 42/100/67 54/101/66 
s 82
f 56/102/70 44/103/71 43/99/69 55/98/68 
s 720
f 57/104/72 45/105/54 44/106/71 56/107/70 
s 4050
f 58/108/73 46/82/55 45/83/54 57/109/72 
s 3910
f 59/110/74 47/84/56 46/82/55 58/108/73 
s 260
f 60/111/75 48/85/76 47/84/56 59/110/74 
s 256
f 50/91/62 38/90/61 48/112/76 60/113/75 
s 40
f 61/114/77 49/115/59 50/116/78 62/117/79 
s 1705
f 63/118/80 51/95/63 49/119/59 61/120/77 
s 7818
f 64/121/81 52/94/64 51/95/63 63/118/80 
s 6148
f 65/122/82 53/96/65 52/94/64 64/121/81 
s 4
f 66/123/83 54/124/84 53/125/65 65/123/82 
f 67/126/85 55/127/86 54/124/84 66/123/83 
s 12
f 68/128/87 56/129/70 55/127/86 67/126/85 
s 813
f 69/130/88 57/109/72 56/131/70 68/132/87 
s 3878
f 70/133/89 58/108/73 57/109/72 69/130/88 
s 3080
f 71/134/90 59/110/74 58/108/73 70/133/89 
s 8
f 72/135/91 60/136/92 59/137/74 71/138/90 
f 62/117/79 50/116/78 60/136/92 72/135/91 
s 146
f 73/139/93 61/140/77 62/141/94 74/142/95 
s 452
f 75/143/96 63/118/80 61/120/77 73/144/93 
s 4015
f 76/145/97 64/121/81 63/118/80 75/143/96 
s 26
f 77/146/98 65/122/99 64/121/81 76/145/97 
s 18
f 78/147/100 66/148/101 65/149/99 77/150/98 
f 79/151/102 67/152/103 66/148/101 78/147/100 
s 34
f 80/153/104 68/154/87 67/152/103 79/151/102 
s 112
f 81/155/105 69/130/88 68/132/87 80/156/104 
s 1919
f 82/157/106 70/133/89 69/130/88 81/155/105 
s 22
f 83/158/107 71/134/108 70/133/89 82/157/106 
s 18
f 84/159/109 72/160/110 71/160/108 83/161/107 
f 74/142/95 62/141/94 72/160/110 84/159/109 
s 100
f 85/162/111 73/163/93 74/164/112 86/165/113 
s 324
f 87/166/114 75/143/96 73/144/93 85/166/111 
s 399
f 88/167/115 76/145/97 75/143/96 87/166/114 
s 363
f 89/168/116 77/146/98 76/145/97 88/167/115 
s 356
f 90/169/117 78/170/118 77/171/98 89/172/116 
s 4
f 91/173/119 79/151/120 78/147/118 90/174/117 
s 68
f 92/175/121 80/176/104 79/177/120 91/178/119 
s 80
f 93/179/122 81/155/105 80/156/104 92/180/121 
s 251
f 94/181/123 82/157/106 81/155/105 93/179/122 
s 95
f 95/182/124 83/158/107 82/157/106 94/181/123 
s 104
f 96/183/125 84/184/126 83/185/107 95/186/124 
s 32
f 86/187/113 74/142/112 84/159/126 96/188/125 
s 25
f 97/189/127 85/190/128 86/187/129 98/191/130 
s 665
f 99/192/131 87/166/114 85/166/128 97/193/127 
s 1705
f 100/194/132 88/167/115 87/166/114 99/192/131 
s 1321
f 101/195/133 89/168/116 88/167/115 100/194/132 
s 361
f 102/196/134 90/174/117 89/197/116 101/198/133 
s 9
f 103/199/135 91/173/136 90/174/117 102/196/134 
s 41
f 104/200/137 92/201/138 91/173/136 103/199/135 
s 425
f 105/202/139 93/179/122 92/180/138 104/203/137 
s 1929
f 106/204/140 94/181/123 93/179/122 105/202/139 
s 1625
f 107/205/141 95/182/124 94/181/123 106/204/140 
s 89
f 108/206/142 96/188/125 95/207/124 107/208/141 
s 17
f 98/191/130 86/187/129 96/188/125 108/206/142 
s 2
f 109/209/143 97/210/144 98/211/145 110/212/146 
s 4
f 111/213/147 99/214/148 97/210/149 109/209/150 
s 1634
f 112/215/151 100/194/132 99/192/131 111/216/152 
s 1729
f 113/217/153 101/195/133 100/194/132 112/215/151 
s 2
f 114/218/154 102/219/155 101/220/156 113/221/157 
s 4
f 115/222/158 103/223/159 102/219/160 114/218/161 
s 2
f 116/224/162 104/225/163 103/226/164 115/227/165 
s 4
f 117/228/166 105/229/167 104/225/168 116/224/169 
s 3842
f 118/230/170 106/204/140 105/202/139 117/231/171 
s 3457
f 119/232/172 107/205/141 106/204/140 118/230/170 
s 2
f 120/233/173 108/234/174 107/235/175 119/236/176 
s 4
f 110/212/177 98/211/178 108/237/179 120/238/180 
s 8
f 121/239/181 109/240/182 110/241/183 122/239/184 
s 16
f 123/242/185 111/243/186 109/240/187 121/239/188 
s 1090
f 124/244/189 112/215/151 111/216/152 123/245/190 
s 1765
f 125/246/191 113/217/153 112/215/151 124/244/189 
s 8
f 126/247/192 114/248/193 113/217/194 125/246/191 
s 16
f 127/249/195 115/250/196 114/251/197 126/252/198 
s 8
f 128/253/199 116/254/200 115/250/200 127/249/199 
s 16
f 129/255/201 117/256/202 116/257/203 128/258/204 
s 3074
f 130/259/205 118/230/170 117/231/171 129/260/206 
s 3941
f 131/261/207 119/232/172 118/230/170 130/259/205 
s 8
f 132/262/208 120/263/209 119/232/210 131/261/207 
s 16
f 122/239/211 110/241/212 120/264/213 132/265/214 
s 6
f 133/266/215 121/267/216 122/268/217 134/269/218 
s 36
f 135/270/219 123/271/220 121/267/216 133/266/215 
f 136/272/221 124/244/189 123/245/220 135/273/219 
s 1279
f 137/274/222 125/246/191 124/244/189 136/272/221 
s 214
f 138/274/223 126/247/198 125/246/191 137/274/222 
s 6
f 139/275/224 127/276/225 126/277/198 138/278/223 
f 140/279/226 128/280/227 127/276/225 139/275/224 
s 36
f 141/281/228 129/282/229 128/280/227 140/279/226 
f 142/283/230 130/259/205 129/260/229 141/284/228 
s 3327
f 143/285/231 131/261/207 130/259/205 142/283/230 
s 214
f 144/286/232 132/262/214 131/261/207 143/285/231 
s 2
f 134/269/218 122/268/217 132/287/214 144/288/232 
s 8
f 145/289/233 133/290/234 134/291/235 146/292/236 
f 147/293/237 135/294/238 133/290/234 145/289/233 
f 148/295/239 136/272/221 135/273/238 147/296/237 
s 93
f 149/297/240 137/274/222 136/272/221 148/295/239 
s 88
f 150/298/241 138/274/223 137/274/222 149/297/240 
s 8
f 151/299/242 139/300/243 138/301/223 150/302/241 
f 152/303/244 140/304/245 139/300/243 151/299/242 
f 153/305/246 141/306/247 140/304/245 152/303/244 
f 154/307/248 142/283/230 141/284/247 153/308/246 
s 157
f 155/307/249 143/285/231 142/283/230 154/307/248 
s 152
f 156/309/250 144/286/232 143/285/231 155/307/249 
s 8
f 146/292/236 134/291/235 144/310/232 156/311/250 
s 33
f 157/312/251 145/313/252 146/314/253 158/315/254 
s 97
f 159/312/255 147/313/256 145/313/252 157/312/251 
f 160/316/257 148/295/239 147/296/256 159/317/255 
s 89
f 161/318/258 149/297/240 148/295/239 160/316/257 
s 81
f 162/319/259 150/298/241 149/297/240 161/318/258 
s 1
f 163/320/260 151/321/261 150/322/241 162/323/259 
s 33
f 164/324/262 152/321/263 151/321/261 163/320/260 
s 97
f 165/325/264 153/326/265 152/327/263 164/328/262 
f 166/329/266 154/307/248 153/308/265 165/330/264 
s 89
f 167/331/267 155/307/249 154/307/248 166/329/266 
s 145
f 168/332/268 156/309/250 155/307/249 167/331/267 
s 1
f 158/315/254 146/314/253 156/333/250 168/334/268 
s 33
f 169/335/269 157/312/251 158/315/254 170/336/270 
s 96
f 171/335/271 159/312/255 157/312/251 169/335/269 
s 64
f 172/337/272 160/316/257 159/317/255 171/338/271 
s 321
f 173/339/273 161/318/258 160/316/257 172/337/272 
s 1
f 174/340/274 162/319/259 161/318/258 173/339/273 
f 175/341/275 163/320/260 162/323/259 174/342/274 
s 33
f 176/343/276 164/324/262 163/320/260 175/341/275 
s 96
f 177/344/277 165/325/264 164/328/262 176/345/276 
s 64
f 178/346/278 166/329/266 165/330/264 177/347/277 
s 321
f 179/348/279 167/331/267 166/329/266 178/346/278 
s 1
f 180/349/280 168/332/268 167/331/267 179/348/279 
f 170/336/270 158/315/254 168/334/268 180/350/280 
s 2
f 2/351/281 169/352/282 170/353/283 3/354/284 
s 4
f 6/355/285 171/356/286 169/352/287 2/351/285 
s 257
f 8/8/8 172/337/272 171/338/288 6/9/6 
s 377
f 10/12/10 173/339/273 172/337/272 8/8/8 
s 2
f 12/14/289 174/340/290 173/339/291 10/12/10 
s 4
f 14/357/292 175/358/293 174/359/294 12/360/295 
s 2
f 16/361/296 176/362/297 175/358/298 14/357/299 
s 4
f 18/363/300 177/364/301 176/362/302 16/361/303 
s 257
f 20/26/20 178/346/278 177/347/304 18/27/18 
s 377
f 22/30/22 179/348/279 178/346/278 20/26/20 
s 2
f 24/32/305 180/349/306 179/348/307 22/30/22 
s 4
f 3/354/308 170/353/309 180/365/310 24/366/311 
s 14
f 181/367/312 182/368/313 183/368/314 184/367/315 
s 6
f 185/367/316 186/368/317 182/368/313 181/367/312 
s 374
f 187/369/318 188/370/319 186/370/317 185/369/316 
s 378
f 189/369/320 190/371/321 188/370/319 187/369/318 
s 12
f 191/372/322 192/371/323 190/371/321 189/369/320 
s 14
f 193/373/324 194/374/325 192/375/323 191/373/322 
s 2
f 195/376/326 196/374/327 194/374/325 193/373/324 
s 6
f 197/377/328 198/378/329 196/378/327 195/379/326 
s 2174
f 199/380/330 200/381/331 198/382/329 197/380/328 
s 2170
f 201/383/332 202/381/333 200/381/331 199/380/330 
s 12
f 203/384/334 204/381/335 202/381/333 201/383/332 
f 184/367/315 183/368/314 204/385/335 203/386/334 
s 144
f 205/387/336 181/388/337 184/388/338 206/387/339 
s 48
f 207/389/340 185/369/316 181/390/337 205/389/336 
s 888
f 208/391/341 187/369/318 185/369/316 207/389/340 
s 1000
f 209/392/342 189/369/320 187/369/318 208/391/341 
s 128
f 210/393/343 191/394/344 189/395/320 209/393/342 
s 144
f 211/396/345 193/394/346 191/394/344 210/393/343 
s 16
f 212/397/347 195/398/348 193/399/346 211/400/345 
s 24
f 213/401/349 197/380/328 195/402/348 212/403/347 
s 888
f 214/401/350 199/380/330 197/380/328 213/401/349 
s 992
f 215/404/351 201/383/332 199/380/330 214/401/350 
s 128
f 216/405/352 203/406/353 201/406/332 215/405/351 
f 206/387/339 184/388/338 203/388/353 216/407/352 
s 2
f 217/408/354 205/409/355 206/410/356 218/411/357 
s 10
f 219/412/358 207/389/340 205/389/355 217/412/354 
s 840
f 220/413/359 208/391/341 207/389/340 219/412/358 
s 834
f 221/414/360 209/392/342 208/391/341 220/413/359 
s 2
f 222/415/361 210/416/362 209/417/342 221/418/360 
f 223/415/363 211/416/364 210/416/362 222/415/361 
f 224/419/365 212/420/366 211/421/364 223/419/363 
s 98
f 225/422/367 213/401/349 212/403/366 224/422/365 
s 992
f 226/423/368 214/401/350 213/401/349 225/422/367 
s 898
f 227/423/369 215/404/351 214/401/350 226/423/368 
s 2
f 228/424/370 216/425/371 215/425/351 227/424/369 
f 218/411/357 206/410/356 216/426/371 228/411/370 
s 176
f 229/427/372 217/428/373 218/429/374 230/427/375 
s 961
f 231/430/376 219/412/358 217/412/373 229/430/372 
s 832
f 232/430/377 220/413/359 219/412/358 231/430/376 
s 857
f 233/431/378 221/414/360 220/413/359 232/430/377 
s 57
f 234/432/379 222/433/380 221/434/360 233/435/378 
s 169
f 235/432/381 223/433/382 222/433/380 234/432/379 
s 896
f 236/436/383 224/437/384 223/438/382 235/439/381 
s 3713
f 237/440/385 225/422/367 224/422/384 236/440/383 
s 2688
f 238/440/386 226/423/368 225/422/367 237/440/385 
s 1009
f 239/441/387 227/423/369 226/423/368 238/440/386 
s 1137
f 240/442/388 228/443/389 227/443/369 239/442/387 
s 1136
f 230/427/375 218/429/374 228/429/389 240/427/388 
s 1217
f 182/444/390 229/427/372 230/427/375 183/445/391 
s 897
f 186/370/317 231/430/376 229/430/372 182/370/390 
s 835
f 188/370/319 232/430/377 231/430/376 186/370/317 
s 851
f 190/371/321 233/431/378 232/430/377 188/370/319 
s 49
f 192/446/323 234/432/379 233/435/378 190/446/321 
s 825
f 194/447/325 235/432/381 234/432/379 192/446/323 
s 1792
f 196/448/392 236/436/383 235/439/381 194/449/325 
s 3713
f 198/382/329 237/440/385 236/440/383 196/382/392 
s 2691
f 200/381/331 238/440/386 237/440/385 198/382/329 
s 2707
f 202/381/333 239/441/387 238/440/386 200/381/331 
s 1137
f 204/450/393 240/442/388 239/442/387 202/450/333 
s 1088
f 183/445/391 230/427/375 240/427/388 204/445/393 
s 14
f 241/451/394 242/452/395 243/452/396 244/453/397 
s 6
f 245/454/398 246/455/399 242/456/395 241/454/394 
s 438
f 247/454/400 248/455/401 246/455/399 245/454/398 
s 410
f 249/457/402 250/458/403 248/455/401 247/454/400 
s 12
f 251/459/404 252/460/405 250/461/403 249/462/402 
s 14
f 253/459/406 254/460/407 252/460/405 251/459/404 
s 2
f 255/463/408 256/464/409 254/465/407 253/463/406 
s 6
f 257/466/410 258/467/411 256/467/409 255/468/408 
s 94
f 259/466/412 260/469/413 258/467/411 257/466/410 
s 90
f 261/470/414 262/469/415 260/469/413 259/466/412 
s 12
f 263/471/416 264/472/417 262/472/415 261/471/414 
f 244/453/397 243/452/396 264/452/417 263/453/416 
s 48
f 265/473/418 241/474/419 244/475/420 266/473/421 
f 267/476/422 245/474/398 241/474/419 265/473/418 
s 120
f 268/477/423 247/454/400 245/454/398 267/477/422 
s 127
f 269/478/424 249/457/402 247/454/400 268/477/423 
s 96
f 270/478/425 251/457/426 249/457/402 269/478/424 
s 48
f 271/479/427 253/480/428 251/480/426 270/481/425 
s 16
f 272/479/429 255/482/430 253/480/428 271/479/427 
s 24
f 273/483/431 257/484/410 255/485/430 272/483/429 
s 248
f 274/486/432 259/466/412 257/466/410 273/486/431 
s 255
f 275/487/433 261/470/414 259/466/412 274/486/432 
s 160
f 276/487/434 263/470/435 261/470/414 275/487/433 
s 32
f 266/473/421 244/475/420 263/474/435 276/473/434 
s 2
f 277/488/436 265/489/437 266/489/438 278/490/439 
s 10
f 279/488/440 267/491/422 265/489/437 277/488/436 
s 76
f 280/492/441 268/477/423 267/477/422 279/492/440 
s 78
f 281/493/442 269/478/424 268/477/423 280/492/441 
s 2
f 282/494/443 270/478/444 269/478/424 281/493/442 
f 283/495/445 271/496/446 270/496/444 282/495/443 
f 284/495/447 272/497/448 271/496/446 283/495/445 
s 34
f 285/498/449 273/497/431 272/497/448 284/495/447 
s 228
f 286/499/450 274/486/432 273/486/431 285/499/449 
s 198
f 287/500/451 275/487/433 274/486/432 286/499/450 
s 2
f 288/500/452 276/487/453 275/487/433 287/500/451 
f 278/490/439 266/489/438 276/489/453 288/490/452 
s 29
f 289/501/454 277/502/436 278/503/455 290/504/456 
s 53
f 291/505/457 279/492/440 277/506/436 289/505/454 
s 52
f 292/505/458 280/492/441 279/492/440 291/505/457 
s 221
f 293/507/459 281/493/442 280/492/441 292/505/458 
s 145
f 294/508/460 282/509/461 281/509/442 293/508/459 
s 149
f 295/508/462 283/509/463 282/509/461 294/508/460 
s 29
f 296/510/464 284/511/465 283/511/463 295/510/462 
f 297/512/466 285/499/449 284/499/465 296/513/464 
s 28
f 298/512/467 286/499/450 285/499/449 297/512/466 
s 253
f 299/512/468 287/500/451 286/499/450 298/512/467 
s 25
f 300/514/469 288/515/470 287/515/451 299/514/468 
s 13
f 290/504/456 278/503/455 288/503/470 300/504/469 
s 28
f 301/516/471 289/501/454 290/504/456 302/516/472 
s 48
f 303/517/473 291/505/457 289/505/454 301/518/471 
s 437
f 304/519/474 292/505/458 291/505/457 303/517/473 
s 400
f 305/519/475 293/507/459 292/505/458 304/519/474 
s 144
f 306/520/476 294/508/460 293/508/459 305/520/475 
s 148
f 307/521/477 295/508/462 294/508/460 306/520/476 
s 12
f 308/522/478 296/510/464 295/510/462 307/522/477 
s 24
f 309/523/479 297/512/466 296/513/464 308/523/478 
s 93
f 310/524/480 298/512/467 297/512/466 309/523/479 
s 88
f 311/525/481 299/512/468 298/512/467 310/524/480 
s 8
f 312/526/482 300/514/469 299/514/468 311/526/481 
f 302/516/472 290/504/456 300/504/469 312/527/482 
s 1
f 242/528/483 301/529/484 302/529/485 243/528/486 
s 385
f 246/528/399 303/530/473 301/529/484 242/528/483 
s 384
f 248/455/401 304/519/474 303/517/473 246/455/399 
s 435
f 250/458/403 305/519/475 304/519/474 248/455/401 
s 1
f 252/531/487 306/532/488 305/519/475 250/458/403 
f 254/533/489 307/534/490 306/535/488 252/533/487 
f 256/536/491 308/537/492 307/534/490 254/533/489 
s 65
f 258/538/411 309/539/479 308/540/492 256/538/491 
s 64
f 260/469/413 310/524/480 309/523/479 258/467/411 
s 83
f 262/469/415 311/525/481 310/524/480 260/469/413 
s 1
f 264/469/493 312/541/494 311/525/481 262/469/415 
f 243/528/486 302/529/485 312/542/494 264/543/493 
s 46
f 313/544/495 314/545/496 315/545/497 316/546/498 
s 3100
f 317/547/499 318/548/500 314/545/496 313/544/495 
s 5338
f 319/549/501 320/550/502 318/551/500 317/552/499 
s 9350
f 321/553/503 322/550/504 320/550/502 319/549/501 
s 172
f 323/554/505 324/550/506 322/550/504 321/553/503 
s 298
f 325/555/507 326/556/508 324/556/506 323/557/505 
s 1554
f 327/555/509 328/556/510 326/556/508 325/555/507 
s 6172
f 329/558/511 330/559/512 328/559/510 327/560/509 
s 2670
f 331/561/513 332/562/514 330/562/512 329/563/511 
s 3154
f 333/564/515 334/565/516 332/562/514 331/561/513 
s 2360
f 335/566/517 336/565/518 334/565/516 333/564/515 
s 808
f 316/546/498 315/545/497 336/545/518 335/567/517 
s 209
f 337/568/519 313/569/495 316/569/498 338/568/520 
f 339/568/521 317/570/499 313/569/495 337/568/519 
s 224
f 340/571/522 319/549/501 317/552/499 339/572/521 
s 251
f 341/571/523 321/553/503 319/549/501 340/571/522 
s 89
f 342/571/524 323/554/505 321/553/503 341/571/523 
s 81
f 343/573/525 325/574/507 323/574/505 342/573/524 
s 65
f 344/573/526 327/574/527 325/574/507 343/573/525 
s 97
f 345/575/528 329/576/511 327/574/527 344/573/526 
s 96
f 346/577/529 331/561/513 329/563/511 345/578/528 
s 111
f 347/579/530 333/564/515 331/561/513 346/577/529 
s 133
f 348/579/531 335/566/532 333/564/515 347/579/530 
s 197
f 338/568/520 316/569/498 335/62/532 348/580/531 
s 212
f 349/581/533 337/568/519 338/568/520 350/582/534 
s 208
f 351/581/535 339/568/521 337/568/519 349/581/533 
s 235
f 352/583/536 340/571/522 339/572/521 351/584/535 
s 255
f 353/585/537 341/571/523 340/571/522 352/583/536 
s 88
f 354/586/538 342/571/524 341/571/523 353/585/537 
s 80
f 355/587/539 343/573/525 342/573/524 354/588/538 
s 64
f 356/587/540 344/573/526 343/573/525 355/587/539 
s 96
f 357/589/541 345/575/528 344/573/526 356/587/540 
s 103
f 358/590/542 346/577/529 345/578/528 357/590/541 
s 111
f 359/591/543 347/579/530 346/577/529 358/590/542 
s 132
f 360/591/544 348/579/531 347/579/530 359/591/543 
f 350/582/534 338/568/520 348/580/531 360/582/544 
s 34
f 361/592/545 349/593/546 350/594/547 362/595/548 
s 10
f 363/592/549 351/593/535 349/593/546 361/592/545 
s 778
f 364/596/550 352/583/536 351/584/535 363/596/549 
s 1007
f 365/596/551 353/585/537 352/583/536 364/596/550 
s 388
f 366/597/552 354/586/553 353/585/537 365/596/551 
s 130
f 367/598/554 355/599/555 354/600/553 366/598/552 
s 2
f 368/598/556 356/601/557 355/599/555 367/598/554 
s 6
f 369/602/558 357/603/541 356/603/557 368/602/556 
s 390
f 370/604/559 358/590/542 357/590/541 369/604/558 
s 495
f 371/604/560 359/591/543 358/590/542 370/604/559 
s 168
f 372/605/561 360/591/544 359/591/543 371/604/560 
s 32
f 362/595/548 350/594/547 360/594/544 372/595/561 
s 64
f 373/606/562 361/607/563 362/607/564 374/606/565 
s 320
f 375/606/566 363/608/549 361/607/563 373/606/562 
s 9984
f 376/609/567 364/596/550 363/596/549 375/609/566 
s 13248
f 377/610/568 365/596/551 364/596/550 376/609/567 
s 8272
f 378/610/569 366/597/570 365/596/551 377/610/568 
s 112
f 379/611/571 367/612/572 366/612/570 378/611/569 
s 96
f 380/611/573 368/613/574 367/612/572 379/611/571 
s 160
f 381/614/575 369/615/558 368/615/574 380/616/573 
s 3456
f 382/617/576 370/604/559 369/604/558 381/617/575 
s 4032
f 383/618/577 371/604/560 370/604/559 382/617/576 
s 1088
f 384/618/578 372/605/579 371/604/560 383/618/577 
s 64
f 374/606/565 362/607/564 372/607/579 384/619/578 
s 3874
f 314/620/496 373/621/562 374/622/580 315/623/497 
s 7168
f 318/620/500 375/624/566 373/621/562 314/620/496 
s 13312
f 320/550/502 376/609/567 375/609/566 318/551/500 
s 10135
f 322/550/504 377/610/568 376/609/567 320/550/502 
s 431
f 324/550/506 378/610/569 377/610/568 322/550/504 
s 1837
f 326/625/508 379/626/571 378/626/569 324/625/506 
s 7680
f 328/627/510 380/626/581 379/626/571 326/625/508 
s 6656
f 330/627/512 381/628/575 380/626/581 328/627/510 
s 3584
f 332/562/514 382/617/576 381/617/575 330/562/512 
s 3483
f 334/565/516 383/618/577 382/617/576 332/562/514 
s 2875
f 336/565/518 384/618/582 383/618/577 334/565/516 
s 768
f 315/623/497 374/622/580 384/621/582 336/623/518 
# 384 polygons

