# 3ds Max Wavefront OBJ Exporter v0.97b - (c)2007 guruware
# File Created: 28.07.2012 14:28:12

#
# object Line02
#

v  -3.0511 1.1879 -0.4446
v  -0.5583 1.0773 3.7428
v  -0.5582 1.0763 3.7424
v  -3.0508 1.1869 -0.4445
v  -3.0521 1.1886 -0.4448
v  -0.5587 1.0781 3.7436
v  -3.0534 1.1889 -0.4450
v  -0.5591 1.0783 3.7447
v  -3.0547 1.1887 -0.4453
v  -0.5596 1.0781 3.7458
v  -3.0556 1.1880 -0.4454
v  -0.5600 1.0773 3.7467
v  -3.0560 1.1870 -0.4455
v  -0.5602 1.0763 3.7469
v  -3.0556 1.1860 -0.4454
v  -0.5601 1.0754 3.7466
v  -3.0547 1.1852 -0.4452
v  -0.5597 1.0746 3.7458
v  -3.0534 1.1850 -0.4449
v  -0.5593 1.0744 3.7447
v  -3.0521 1.1852 -0.4447
v  -0.5588 1.0746 3.7435
v  -3.0511 1.1859 -0.4445
v  -0.5584 1.0754 3.7427
v  2.2153 0.8276 -4.5332
v  2.2152 0.8267 -4.5328
v  2.2153 0.8283 -4.5341
v  2.2154 0.8285 -4.5354
v  2.2155 0.8282 -4.5367
v  2.2155 0.8275 -4.5376
v  2.2155 0.8265 -4.5380
v  2.2154 0.8255 -4.5376
v  2.2154 0.8248 -4.5367
v  2.2153 0.8246 -4.5354
v  2.2153 0.8249 -4.5341
v  2.2152 0.8257 -4.5331
v  6.5867 0.9394 -0.4884
v  6.5862 0.9384 -0.4883
v  6.5878 0.9401 -0.4884
v  6.5892 0.9403 -0.4884
v  6.5906 0.9400 -0.4884
v  6.5916 0.9393 -0.4884
v  6.5920 0.9383 -0.4884
v  6.5915 0.9373 -0.4884
v  6.5905 0.9366 -0.4884
v  6.5890 0.9364 -0.4883
v  6.5876 0.9366 -0.4883
v  6.5866 0.9374 -0.4883
v  3.0714 0.9707 2.8945
v  3.0713 0.9698 2.8943
v  3.0718 0.9715 2.8952
v  3.0723 0.9717 2.8961
v  3.0728 0.9714 2.8970
v  3.0731 0.9707 2.8976
v  3.0732 0.9697 2.8979
v  3.0731 0.9687 2.8976
v  3.0727 0.9680 2.8970
v  3.0722 0.9678 2.8961
v  3.0717 0.9680 2.8952
v  3.0714 0.9688 2.8945
v  -4.6713 0.7598 -3.7036
v  0.6680 1.3238 1.0474
v  0.6683 1.3228 1.0473
v  -4.6708 0.7589 -3.7034
v  -4.6735 0.7604 -3.7046
v  0.6674 1.3245 1.0478
v  -4.6766 0.7605 -3.7061
v  0.6665 1.3247 1.0483
v  -4.6799 0.7600 -3.7077
v  0.6657 1.3245 1.0489
v  -4.6824 0.7591 -3.7089
v  0.6650 1.3237 1.0493
v  -4.6836 0.7580 -3.7095
v  0.6647 1.3227 1.0494
v  -4.6830 0.7570 -3.7093
v  0.6650 1.3217 1.0493
v  -4.6809 0.7565 -3.7083
v  0.6656 1.3210 1.0489
v  -4.6778 0.7564 -3.7068
v  0.6665 1.3208 1.0483
v  -4.6745 0.7569 -3.7052
v  0.6673 1.3211 1.0478
v  -4.6719 0.7578 -3.7040
v  0.6680 1.3218 1.0474
v  0.1758 1.2597 -2.8729
v  0.1758 1.2587 -2.8727
v  0.1758 1.2605 -2.8735
v  0.1759 1.2608 -2.8745
v  0.1760 1.2607 -2.8755
v  0.1762 1.2600 -2.8762
v  0.1763 1.2591 -2.8766
v  0.1763 1.2581 -2.8764
v  0.1762 1.2573 -2.8758
v  0.1761 1.2569 -2.8748
v  0.1760 1.2571 -2.8738
v  0.1759 1.2577 -2.8730
v  2.7137 1.2321 -2.6661
v  2.7136 1.2311 -2.6659
v  2.7143 1.2329 -2.6667
v  2.7150 1.2333 -2.6676
v  2.7157 1.2331 -2.6685
v  2.7163 1.2324 -2.6693
v  2.7165 1.2315 -2.6696
v  2.7163 1.2305 -2.6695
v  2.7158 1.2297 -2.6689
v  2.7150 1.2293 -2.6680
v  2.7143 1.2295 -2.6670
v  2.7138 1.2301 -2.6663
v  4.3782 0.7873 2.3952
v  4.3779 0.7863 2.3951
v  4.3790 0.7880 2.3955
v  4.3801 0.7883 2.3959
v  4.3813 0.7880 2.3963
v  4.3822 0.7873 2.3965
v  4.3826 0.7863 2.3966
v  4.3823 0.7853 2.3965
v  4.3815 0.7846 2.3963
v  4.3804 0.7843 2.3959
v  4.3792 0.7846 2.3955
v  4.3783 0.7853 2.3952
v  1.5248 0.9665 4.4010
v  1.5247 0.9655 4.4008
v  1.5246 0.9673 4.4020
v  1.5241 0.9677 4.4036
v  1.5234 0.9676 4.4052
v  1.5228 0.9670 4.4066
v  1.5225 0.9660 4.4072
v  1.5224 0.9650 4.4070
v  1.5227 0.9642 4.4060
v  1.5232 0.9638 4.4045
v  1.5238 0.9640 4.4028
v  1.5244 0.9646 4.4015
v  -0.5614 1.0791 3.7399
v  0.6678 1.3261 1.0358
v  0.6679 1.3237 1.0343
v  -0.5618 1.0766 3.7392
v  -0.5604 1.0808 3.7419
v  0.6675 1.3275 1.0409
v  -0.5590 1.0813 3.7448
v  0.6668 1.3277 1.0481
v  -0.5576 1.0804 3.7477
v  0.6662 1.3266 1.0556
v  -0.5566 1.0785 3.7499
v  0.6656 1.3244 1.0614
v  -0.5562 1.0760 3.7508
v  0.6653 1.3217 1.0638
v  -0.5567 1.0735 3.7501
v  0.6654 1.3194 1.0623
v  -0.5577 1.0718 3.7481
v  0.6658 1.3179 1.0573
v  -0.5591 1.0713 3.7452
v  0.6664 1.3177 1.0500
v  -0.5605 1.0722 3.7423
v  0.6671 1.3188 1.0425
v  -0.5615 1.0741 3.7401
v  0.6676 1.3210 1.0368
v  -4.7467 1.6452 2.6894
v  -4.7460 1.6427 2.6888
v  -4.7486 1.6472 2.6908
v  -4.7512 1.6480 2.6927
v  -4.7536 1.6475 2.6946
v  -4.7553 1.6458 2.6960
v  -4.7559 1.6433 2.6964
v  -4.7551 1.6408 2.6959
v  -4.7532 1.6388 2.6944
v  -4.7507 1.6380 2.6925
v  -4.7483 1.6385 2.6906
v  -4.7465 1.6402 2.6892
v  -4.6728 0.7630 -3.6877
v  -4.6724 0.7608 -3.6852
v  -4.6744 0.7640 -3.6950
v  -4.6767 0.7634 -3.7051
v  -4.6791 0.7615 -3.7154
v  -4.6809 0.7588 -3.7231
v  -4.6817 0.7559 -3.7261
v  -4.6813 0.7537 -3.7237
v  -4.6797 0.7528 -3.7164
v  -4.6774 0.7533 -3.7063
v  -4.6750 0.7553 -3.6960
v  -4.6732 0.7580 -3.6883
v  -3.0529 1.1892 -0.4334
v  -3.0518 1.1869 -0.4312
v  -3.0541 1.1909 -0.4385
v  -3.0551 1.1914 -0.4453
v  -3.0556 1.1908 -0.4520
v  -3.0554 1.1891 -0.4567
v  -3.0546 1.1868 -0.4581
v  -3.0535 1.1845 -0.4560
v  -3.0523 1.1829 -0.4508
v  -3.0513 1.1823 -0.4440
v  -3.0508 1.1829 -0.4374
v  -3.0510 1.1846 -0.4327
v  -2.3020 1.6879 -3.5925
v  -2.3012 1.6854 -3.5911
v  -2.3036 1.6897 -3.5952
v  -2.3054 1.6903 -3.5984
v  -2.3071 1.6896 -3.6012
v  -2.3081 1.6876 -3.6030
v  -2.3083 1.6851 -3.6032
v  -2.3075 1.6826 -3.6017
v  -2.3059 1.6808 -3.5991
v  -2.3041 1.6802 -3.5959
v  -2.3024 1.6810 -3.5930
v  -2.3013 1.6829 -3.5913
v  0.1775 1.2619 -2.8698
v  0.1774 1.2596 -2.8686
v  0.1773 1.2634 -2.8721
v  0.1768 1.2636 -2.8749
v  0.1761 1.2626 -2.8775
v  0.1754 1.2605 -2.8790
v  0.1749 1.2581 -2.8792
v  0.1747 1.2558 -2.8780
v  0.1749 1.2543 -2.8756
v  0.1754 1.2541 -2.8728
v  0.1761 1.2551 -2.8703
v  0.1768 1.2571 -2.8687
v  2.2163 0.8299 -4.5307
v  2.2166 0.8276 -4.5297
v  2.2157 0.8313 -4.5329
v  2.2151 0.8315 -4.5356
v  2.2146 0.8302 -4.5382
v  2.2144 0.8280 -4.5400
v  2.2144 0.8254 -4.5405
v  2.2148 0.8231 -4.5395
v  2.2153 0.8217 -4.5373
v  2.2159 0.8216 -4.5346
v  2.2164 0.8228 -4.5319
v  2.2167 0.8250 -4.5302
v  4.9110 1.6022 -3.7976
v  4.9089 1.5993 -3.7970
v  4.9161 1.6049 -3.7985
v  4.9229 1.6068 -3.7993
v  4.9295 1.6073 -3.7998
v  4.9342 1.6064 -3.8000
v  4.9357 1.6041 -3.7997
v  4.9336 1.6013 -3.7991
v  4.9285 1.5985 -3.7983
v  4.9217 1.5966 -3.7975
v  4.9151 1.5961 -3.7969
v  4.9104 1.5971 -3.7967
v  2.7060 1.2330 -2.6667
v  2.7050 1.2305 -2.6673
v  2.7094 1.2350 -2.6662
v  2.7144 1.2360 -2.6659
v  2.7196 1.2357 -2.6660
v  2.7236 1.2342 -2.6662
v  2.7253 1.2320 -2.6667
v  2.7243 1.2295 -2.6673
v  2.7209 1.2275 -2.6678
v  2.7159 1.2265 -2.6681
v  2.7107 1.2268 -2.6681
v  2.7067 1.2283 -2.6678
v  6.5732 0.9416 -0.4921
v  6.5723 0.9392 -0.4920
v  6.5785 0.9432 -0.4911
v  6.5866 0.9434 -0.4894
v  6.5955 0.9422 -0.4872
v  6.6026 0.9400 -0.4853
v  6.6063 0.9374 -0.4842
v  6.6053 0.9349 -0.4840
v  6.6001 0.9334 -0.4850
v  6.5919 0.9331 -0.4868
v  6.5831 0.9343 -0.4889
v  6.5759 0.9365 -0.4908
v  4.2914 1.2612 -0.3815
v  4.2913 1.2587 -0.3818
v  4.2929 1.2631 -0.3801
v  4.2953 1.2639 -0.3779
v  4.2979 1.2633 -0.3755
v  4.3001 1.2615 -0.3735
v  4.3012 1.2590 -0.3725
v  4.3010 1.2564 -0.3728
v  4.2996 1.2545 -0.3742
v  4.2972 1.2538 -0.3764
v  4.2946 1.2544 -0.3788
v  4.2924 1.2562 -0.3808
v  4.3756 0.7885 2.3935
v  4.3754 0.7859 2.3933
v  4.3771 0.7904 2.3946
v  4.3795 0.7912 2.3962
v  4.3821 0.7907 2.3979
v  4.3842 0.7890 2.3993
v  4.3853 0.7865 2.3999
v  4.3851 0.7840 2.3997
v  4.3836 0.7821 2.3987
v  4.3813 0.7812 2.3971
v  4.3787 0.7817 2.3954
v  4.3765 0.7835 2.3940
v  3.0700 0.9716 2.8924
v  3.0697 0.9691 2.8922
v  3.0710 0.9736 2.8937
v  3.0723 0.9746 2.8957
v  3.0737 0.9742 2.8978
v  3.0747 0.9726 2.8996
v  3.0751 0.9703 2.9006
v  3.0748 0.9678 2.9004
v  3.0738 0.9657 2.8991
v  3.0725 0.9648 2.8971
v  3.0711 0.9651 2.8949
v  3.0701 0.9667 2.8931
v  1.5264 0.9675 4.3958
v  1.5262 0.9650 4.3956
v  1.5259 0.9696 4.3984
v  1.5248 0.9706 4.4027
v  1.5234 0.9703 4.4076
v  1.5221 0.9688 4.4117
v  1.5212 0.9664 4.4140
v  1.5210 0.9639 4.4138
v  1.5216 0.9618 4.4111
v  1.5226 0.9608 4.4068
v  1.5240 0.9611 4.4019
v  1.5253 0.9627 4.3978
v  -4.7487 1.6437 2.6899
v  0.6677 1.3235 1.0467
v  0.6677 1.3228 1.0464
v  -4.7484 1.6429 2.6895
v  -4.7495 1.6443 2.6907
v  0.6673 1.3240 1.0474
v  -4.7508 1.6445 2.6919
v  0.6668 1.3242 1.0484
v  -4.7520 1.6444 2.6930
v  0.6663 1.3240 1.0493
v  -4.7529 1.6439 2.6938
v  0.6659 1.3235 1.0499
v  -4.7533 1.6431 2.6941
v  0.6656 1.3227 1.0502
v  -4.7531 1.6424 2.6938
v  0.6657 1.3220 1.0499
v  -4.7522 1.6418 2.6929
v  0.6660 1.3215 1.0492
v  -4.7510 1.6416 2.6918
v  0.6665 1.3213 1.0482
v  -4.7497 1.6417 2.6906
v  0.6671 1.3215 1.0473
v  -4.7488 1.6422 2.6898
v  0.6675 1.3220 1.0467
v  -2.3037 1.6859 -3.5966
v  -2.3036 1.6851 -3.5965
v  -2.3041 1.6865 -3.5971
v  -2.3045 1.6868 -3.5978
v  -2.3051 1.6867 -3.5985
v  -2.3055 1.6862 -3.5991
v  -2.3057 1.6855 -3.5994
v  -2.3056 1.6847 -3.5992
v  -2.3053 1.6841 -3.5988
v  -2.3048 1.6838 -3.5981
v  -2.3042 1.6840 -3.5973
v  -2.3038 1.6844 -3.5967
v  4.9209 1.6024 -3.7978
v  4.9206 1.6017 -3.7976
v  4.9216 1.6030 -3.7983
v  4.9225 1.6032 -3.7990
v  4.9233 1.6031 -3.7998
v  4.9240 1.6026 -3.8004
v  4.9242 1.6018 -3.8007
v  4.9239 1.6011 -3.8005
v  4.9232 1.6005 -3.8000
v  4.9223 1.6003 -3.7993
v  4.9214 1.6004 -3.7985
v  4.9208 1.6010 -3.7979
v  4.2951 1.2597 -0.3783
v  4.2949 1.2590 -0.3785
v  4.2957 1.2602 -0.3781
v  4.2964 1.2603 -0.3778
v  4.2971 1.2601 -0.3776
v  4.2976 1.2595 -0.3774
v  4.2977 1.2588 -0.3774
v  4.2975 1.2580 -0.3776
v  4.2970 1.2575 -0.3778
v  4.2963 1.2574 -0.3781
v  4.2956 1.2577 -0.3783
v  4.2951 1.2582 -0.3785
v  1.5243 0.9668 4.4007
v  1.5243 0.9661 4.4001
v  1.5241 0.9672 4.4022
v  1.5239 0.9672 4.4041
v  1.5236 0.9669 4.4060
v  1.5234 0.9662 4.4074
v  1.5233 0.9654 4.4078
v  1.5233 0.9647 4.4073
v  1.5235 0.9643 4.4058
v  1.5237 0.9643 4.4039
v  1.5240 0.9646 4.4020
v  1.5242 0.9653 4.4006
# 384 vertices

vn 0.7247 0.5485 -0.4170
vn 0.7350 0.5295 -0.4236
vn 0.8589 -0.0172 -0.5118
vn 0.8592 -0.0021 -0.5116
vn 0.3311 0.9426 0.0424
vn 0.1649 0.9358 -0.3117
vn -0.0645 0.9974 -0.0334
vn -0.0036 0.9960 0.0892
vn -0.4590 0.8822 -0.1052
vn -0.1701 0.8660 0.4702
vn -0.7638 0.4460 0.4665
vn -0.3180 0.5240 0.7901
vn -0.8590 0.0160 0.5118
vn -0.3915 -0.0004 0.9202
vn -0.7839 -0.4218 0.4556
vn -0.7813 -0.4286 0.4538
vn -0.4933 -0.8666 -0.0746
vn -0.2212 -0.8654 0.4497
vn -0.1123 -0.9937 -0.0000
vn -0.0625 -0.9959 0.0661
vn 0.2942 -0.9527 0.0757
vn 0.1098 -0.9361 -0.3341
vn 0.7091 -0.5536 -0.4367
vn 0.7062 -0.5585 -0.4351
vn 0.5362 0.5475 0.6424
vn 0.5275 0.5708 0.6292
vn 0.6141 0.0255 0.7888
vn 0.6132 -0.0021 0.7900
vn 0.0092 0.9555 0.2948
vn 0.0283 0.9920 -0.1231
vn 0.0424 0.8558 -0.5155
vn -0.5343 0.4324 -0.7263
vn -0.5382 0.4206 -0.7303
vn -0.6135 -0.0052 -0.7897
vn -0.6137 -0.0117 -0.7895
vn -0.5694 -0.4394 -0.6947
vn -0.5677 -0.4462 -0.6919
vn -0.0004 -0.8882 -0.4595
vn -0.0207 -0.9983 -0.0546
vn -0.0372 -0.9341 0.3551
vn 0.4882 -0.5503 0.6774
vn 0.4972 -0.5297 0.6872
vn -0.5500 0.6032 0.5777
vn -0.5645 0.5730 0.5942
vn -0.6793 0.0278 0.7334
vn -0.6789 0.0556 0.7321
vn -0.2601 0.9655 -0.0152
vn 0.1138 0.9933 -0.0193
vn 0.4873 0.8730 -0.0208
vn 0.6226 0.3812 -0.6834
vn 0.6151 0.4058 -0.6760
vn 0.6791 -0.0415 -0.7328
vn 0.6792 -0.0351 -0.7331
vn 0.6086 -0.4621 -0.6450
vn 0.6071 -0.4666 -0.6432
vn 0.4412 -0.8973 0.0122
vn 0.0720 -0.9972 0.0176
vn -0.3080 -0.9512 0.0204
vn -0.5762 -0.5123 0.6368
vn -0.5704 -0.5258 0.6310
vn -0.3930 0.5410 -0.7435
vn -0.5613 0.5818 -0.5886
vn -0.6930 0.0290 -0.7204
vn -0.4774 0.0095 -0.8786
vn -0.1974 0.8963 -0.3972
vn 0.0425 0.9983 0.0401
vn 0.2671 0.8473 0.4591
vn 0.4261 0.4821 0.7655
vn 0.6356 0.4058 0.6567
vn 0.4774 -0.0123 0.8786
vn 0.6933 -0.0148 0.7205
vn 0.4045 -0.5039 0.7632
vn 0.6212 -0.4383 0.6496
vn 0.2292 -0.8608 0.4544
vn -0.0017 -0.9994 0.0348
vn -0.2359 -0.8855 -0.4003
vn -0.4153 -0.5236 -0.7439
vn -0.5883 -0.5351 -0.6063
vn -0.1728 0.5608 -0.8097
vn -0.2269 0.0203 -0.9737
vn 0.1889 -0.4620 0.8665
vn -0.2080 -0.5269 -0.8241
vn 0.3020 0.9350 0.1861
vn 0.7437 0.4983 -0.4457
vn 0.8540 0.0029 -0.5202
vn 0.8345 -0.3993 0.3796
vn 0.0172 0.9984 0.0537
vn 0.4417 0.8597 -0.2564
vn -0.1245 0.9921 -0.0143
vn 0.0357 0.9993 -0.0070
vn -0.2712 0.9587 -0.0858
vn -0.3780 0.8932 0.2434
vn -0.5344 0.8167 -0.2178
vn -0.7087 0.5516 0.4399
vn -0.9004 0.0931 -0.4250
vn -0.8534 0.0295 0.5204
vn -0.6190 -0.2896 0.7300
vn -0.7333 -0.5191 0.4392
vn -0.1740 -0.9765 -0.1271
vn -0.3890 -0.8936 0.2239
vn 0.0152 -0.9992 -0.0383
vn 0.0446 -0.9981 -0.0418
vn 0.1501 -0.9883 0.0267
vn 0.4493 -0.8463 -0.2861
vn 0.5280 -0.6768 -0.5130
vn 0.7427 -0.4870 -0.4596
vn -0.1323 0.4225 0.8966
vn -0.1210 -0.0823 0.9892
vn -0.1089 0.8157 0.5681
vn -0.0567 0.9943 0.0900
vn 0.0104 0.9110 -0.4123
vn 0.0750 0.5859 -0.8069
vn 0.1198 0.1019 -0.9876
vn 0.1325 -0.4128 -0.9011
vn 0.1863 -0.2126 -0.9592
vn 0.1088 -0.8165 -0.5670
vn 0.0552 -0.9955 -0.0773
vn -0.0132 -0.9022 0.4311
vn -0.0775 -0.5667 0.8203
vn -0.0414 -0.7310 0.6811
vn -0.0679 0.4450 0.8930
vn -0.0819 -0.1104 0.9905
vn -0.2352 0.8941 0.3812
vn 0.0421 0.9984 0.0378
vn 0.3058 0.9014 -0.3066
vn 0.0741 0.5424 -0.8369
vn 0.0819 0.1054 -0.9911
vn 0.0722 -0.3528 -0.9329
vn 0.3208 -0.8148 -0.4828
vn 0.0580 -0.9848 -0.1639
vn -0.2184 -0.9571 0.1902
vn -0.4829 -0.6796 0.5523
vn -0.8242 0.4723 0.3125
vn -0.8097 0.4983 0.3101
vn -0.9501 -0.0479 0.3082
vn -0.9488 -0.0837 0.3047
vn -0.3568 0.9289 -0.0991
vn 0.0678 0.9968 0.0434
vn 0.4559 0.8737 0.1699
vn 0.8393 0.4913 -0.2328
vn 0.8414 0.4872 -0.2339
vn 0.9501 0.0488 -0.3082
vn 0.9502 0.0430 -0.3087
vn 0.8620 -0.3945 -0.3182
vn 0.8556 -0.4090 -0.3173
vn 0.4940 -0.8570 0.1463
vn 0.0935 -0.9956 0.0102
vn -0.3094 -0.9430 -0.1226
vn -0.7678 -0.6090 0.1990
vn 0.3489 0.6099 -0.7115
vn -0.4790 0.4940 -0.7256
vn -0.5766 -0.0604 -0.8148
vn -0.5766 -0.0870 -0.8124
vn 0.2305 0.9380 -0.2590
vn 0.1212 0.9908 0.0605
vn 0.0070 0.9365 0.3506
vn -0.1436 0.7216 0.6772
vn 0.5268 0.4717 0.7072
vn -0.3112 0.2014 0.9288
vn 0.5760 0.0251 0.8171
vn 0.5171 -0.3753 0.7692
vn 0.5050 -0.4170 0.7557
vn -0.2873 -0.8452 0.4506
vn -0.1833 -0.9763 0.1146
vn -0.0773 -0.9812 -0.1768
vn -0.4704 -0.6354 -0.6124
vn -0.4883 -0.5914 -0.6417
vn 0.9151 -0.3029 -0.2660
vn -0.9602 -0.1615 0.2280
vn 0.5732 -0.7864 -0.2301
vn -0.7877 0.5328 -0.3094
vn -0.8731 0.3201 -0.3677
vn -0.9107 0.0116 -0.4129
vn -0.9095 -0.0195 -0.4153
vn -0.1026 0.9547 -0.2792
vn -0.5761 0.7879 -0.2177
vn 0.0878 0.9899 0.1112
vn 0.0301 0.9995 -0.0027
vn 0.2519 0.8516 0.4597
vn 0.0143 0.9841 0.1768
vn 0.8091 0.4244 0.4066
vn 0.6690 0.6484 0.3634
vn 0.9109 -0.0204 0.4122
vn 0.9067 0.0593 0.4176
vn 0.8282 -0.4489 0.3355
vn 0.7745 -0.5562 0.3013
vn 0.1752 -0.8883 0.4245
vn 0.0327 -0.9985 0.0442
vn -0.0106 -0.9988 0.0488
vn -0.0177 -0.9907 -0.1352
vn -0.1845 -0.9310 -0.3149
vn 0.0004 -0.9439 -0.3301
vn -0.7330 -0.5611 -0.3845
vn -0.8336 -0.3672 -0.4125
vn 0.5951 0.6572 -0.4627
vn 0.2739 0.4965 -0.8237
vn 0.2356 -0.0588 -0.9701
vn 0.2509 0.0618 -0.9660
vn 0.2893 0.9296 -0.2284
vn -0.0342 0.9992 0.0208
vn -0.3738 0.8831 0.2834
vn -0.1665 0.4227 0.8908
vn -0.1579 0.4574 0.8751
vn -0.2446 -0.0088 0.9696
vn -0.2411 0.0189 0.9703
vn -0.6714 -0.5271 0.5209
vn -0.2739 -0.4111 0.8695
vn -0.4136 -0.8509 0.3238
vn -0.1044 -0.9908 0.0862
vn 0.2517 -0.9492 -0.1887
vn 0.1488 -0.4922 -0.8577
vn 0.1205 -0.5904 -0.7981
vn 0.8317 0.5512 -0.0666
vn 0.9977 0.0673 0.0022
vn 0.9961 -0.0846 0.0232
vn 0.0336 0.9983 -0.0475
vn 0.0049 0.9849 -0.1733
vn -0.0284 0.9487 -0.3150
vn -0.9241 0.3770 -0.0628
vn -0.9062 0.4174 -0.0682
vn -0.9994 0.0320 -0.0160
vn -0.9999 -0.0142 -0.0096
vn -0.9676 -0.2515 0.0236
vn -0.0653 -0.9934 -0.0946
vn -0.0284 -0.9971 0.0709
vn -0.0002 -0.9810 0.1939
vn 0.7217 -0.6845 0.1030
vn 0.8700 -0.4870 0.0774
vn -0.2117 0.7100 0.6717
vn -0.7315 0.6205 0.2827
vn -0.8951 -0.0007 0.4458
vn -0.8321 -0.3159 0.4559
vn -0.3217 0.8901 0.3228
vn -0.3599 0.9269 0.1062
vn -0.3793 0.9201 -0.0982
vn 0.5003 0.7906 -0.3530
vn 0.8380 0.2988 -0.4566
vn 0.8473 0.2700 -0.4574
vn 0.8966 -0.0520 -0.4397
vn 0.2954 -0.8535 -0.4293
vn 0.8609 -0.3325 -0.3851
vn 0.3526 -0.9225 -0.1573
vn 0.3753 -0.9260 0.0403
vn 0.3829 -0.8785 0.2857
vn -0.6752 -0.6089 0.4163
vn -0.6645 -0.6231 0.4127
vn 0.3094 0.7975 0.5179
vn 0.8876 0.3732 0.2698
vn 0.9364 0.2360 0.2596
vn 0.1292 0.9699 0.2062
vn -0.0564 0.9920 -0.1125
vn -0.7383 0.6709 -0.0693
vn -0.9409 0.2884 -0.1778
vn -0.9589 0.2058 -0.1951
vn -0.9604 -0.1270 -0.2482
vn -0.8673 -0.4171 -0.2718
vn -0.3820 -0.6621 -0.6447
vn -0.2177 -0.9075 -0.3592
vn -0.0396 -0.9978 -0.0523
vn 0.5995 -0.8002 0.0158
vn 0.9245 -0.3435 0.1651
vn 0.9699 0.0504 0.2383
vn 0.2673 0.6248 0.7336
vn -0.2319 0.2467 0.9409
vn -0.2362 0.2281 0.9446
vn 0.2417 0.9081 0.3421
vn 0.1636 0.9803 -0.1109
vn 0.0432 0.8267 -0.5610
vn 0.3125 0.6611 -0.6821
vn 0.3137 0.2940 -0.9028
vn 0.3125 0.2769 -0.9087
vn 0.2301 -0.2543 -0.9394
vn 0.2553 -0.1381 -0.9570
vn -0.2671 -0.7013 -0.6609
vn -0.2239 -0.9507 -0.2146
vn -0.1326 -0.9604 0.2450
vn -0.0109 -0.7562 0.6543
vn -0.2923 -0.7921 0.5359
vn -0.3094 -0.2382 0.9206
vn -0.3161 -0.3321 0.8887
vn 0.5700 0.6209 0.5382
vn 0.6382 0.0621 0.7673
vn 0.6417 0.1117 0.7588
vn -0.0074 0.9709 0.2394
vn -0.1131 0.9623 -0.2474
vn -0.1859 0.7434 -0.6425
vn -0.2201 0.3553 -0.9085
vn -0.5049 0.4494 -0.7369
vn -0.6437 -0.1627 -0.7478
vn -0.6403 -0.0891 -0.7629
vn -0.5824 -0.5872 -0.5621
vn -0.0197 -0.9353 -0.3534
vn 0.0842 -0.9907 0.1069
vn 0.1664 -0.8330 0.5276
vn 0.2158 -0.4701 0.8558
vn 0.5276 -0.3970 0.7510
vn -0.3656 0.7405 0.5639
vn -0.3633 0.5635 0.7419
vn -0.2769 0.0553 0.9593
vn -0.3153 0.2245 0.9220
vn -0.2917 0.9518 -0.0949
vn -0.1158 0.9808 -0.1569
vn 0.0442 0.6704 -0.7407
vn 0.2148 0.1646 -0.9627
vn 0.2975 -0.1419 -0.9441
vn 0.2892 -0.1054 -0.9514
vn 0.3582 -0.5044 -0.7856
vn 0.3607 -0.5292 -0.7680
vn 0.3543 -0.8668 -0.3508
vn 0.2600 -0.9550 0.1426
vn 0.0775 -0.9691 0.2342
vn -0.1383 -0.3847 0.9126
vn -0.4718 0.3743 -0.7983
vn -0.4709 0.1496 -0.8694
vn -0.4709 0.1497 -0.8694
vn -0.4718 0.3744 -0.7983
vn -0.3832 0.7818 -0.4919
vn -0.4384 0.6183 -0.6524
vn -0.4383 0.6183 -0.6523
vn -0.3831 0.7819 -0.4918
vn -0.1601 0.9630 0.2168
vn -0.2020 0.9556 0.2144
vn 0.0539 0.9737 0.2215
vn 0.2802 0.6058 0.7446
vn 0.1825 0.7718 0.6091
vn 0.2802 0.6057 0.7447
vn 0.4343 0.1337 0.8908
vn 0.3770 0.3594 0.8536
vn 0.3771 0.3593 0.8537
vn 0.4344 0.1336 0.8908
vn 0.4721 -0.3743 0.7981
vn 0.4706 -0.1491 0.8697
vn 0.4706 -0.1494 0.8696
vn 0.4721 -0.3745 0.7980
vn 0.3834 -0.7819 0.4916
vn 0.4382 -0.6179 0.6528
vn 0.4381 -0.6183 0.6525
vn 0.3833 -0.7821 0.4913
vn -0.0122 -0.9751 -0.2216
vn 0.2020 -0.9556 -0.2147
vn -0.0539 -0.9737 -0.2214
vn -0.2800 -0.6056 -0.7449
vn -0.1824 -0.7723 -0.6084
vn -0.1826 -0.7721 -0.6087
vn -0.2801 -0.6053 -0.7451
vn -0.4341 -0.1335 -0.8909
vn -0.3773 -0.3596 -0.8534
vn -0.3773 -0.3594 -0.8535
vn -0.4341 -0.1333 -0.8909
vn -0.4653 0.2221 0.8569
vn -0.4904 -0.0047 0.8715
vn -0.4904 -0.0046 0.8715
vn -0.4652 0.2222 0.8569
vn -0.3204 0.6788 0.6608
vn -0.3972 0.4948 0.7729
vn -0.3971 0.4950 0.7728
vn -0.3203 0.6790 0.6606
vn 0.1379 0.9851 -0.1024
vn -0.0896 0.9536 0.2873
vn 0.2918 0.9544 -0.0639
vn 0.3754 0.7315 -0.5693
vn 0.2929 0.8665 -0.4041
vn 0.2930 0.8664 -0.4043
vn 0.4853 0.2941 -0.8234
vn 0.4524 0.5030 -0.7365
vn 0.4524 0.5029 -0.7365
vn 0.5528 0.8299 0.0758
vn 0.4651 -0.2221 -0.8570
vn 0.4906 0.0046 -0.8714
vn 0.4906 0.0045 -0.8714
vn 0.3203 -0.6786 -0.6609
vn 0.3973 -0.4950 -0.7728
vn 0.3973 -0.4950 -0.7727
vn 0.3203 -0.6787 -0.6609
vn -0.0162 -0.9913 0.1303
vn 0.0897 -0.9534 -0.2879
vn -0.1655 -0.9816 0.0957
vn -0.3755 -0.7316 0.5690
vn -0.2929 -0.8664 0.4044
vn -0.2929 -0.8664 0.4045
vn -0.4854 -0.2942 0.8233
vn -0.4522 -0.5029 0.7366
vn -0.4522 -0.5028 0.7366
vn -0.2289 -0.8861 -0.4030
vn -0.0016 0.3163 -0.9486
vn -0.0022 0.3133 -0.9497
vn -0.0914 -0.3274 -0.9404
vn -0.0626 -0.1047 -0.9925
vn 0.0629 0.6964 -0.7149
vn 0.0836 0.8029 -0.5902
vn -0.1024 0.9925 -0.0667
vn 0.1762 0.9656 0.1911
vn 0.4493 0.7778 0.4394
vn 0.0758 0.2042 0.9760
vn 0.0728 0.1824 0.9805
vn -0.0070 -0.3719 0.9283
vn 0.0372 -0.0777 0.9963
vn -0.0865 -0.8169 0.5703
vn -0.0308 -0.5157 0.8562
vn -0.0351 -0.9975 -0.0613
vn -0.3046 -0.9010 -0.3088
vn -0.5520 -0.6429 -0.5310
vn -0.9343 0.3456 0.0872
vn -0.9548 0.2870 0.0779
vn -0.9910 -0.1333 0.0073
vn -0.9767 -0.2143 -0.0069
vn -0.5928 0.7908 0.1527
vn -0.7278 0.6720 0.1366
vn 0.0106 0.9993 0.0354
vn 0.3583 0.8951 0.2652
vn 0.6491 0.6120 0.4518
vn 0.9912 0.1318 -0.0076
vn 0.9727 0.2319 0.0100
vn 0.9463 -0.3128 -0.0820
vn 0.9354 -0.3428 -0.0868
vn 0.6996 -0.7006 -0.1406
vn 0.5854 -0.7961 -0.1534
vn 0.1284 -0.9900 0.0578
vn -0.2270 -0.9573 -0.1791
vn -0.5579 -0.7304 -0.3941
vn -0.4766 0.3834 -0.7911
vn -0.2850 0.3731 -0.8829
vn -0.3735 -0.1887 -0.9082
vn -0.5419 -0.1205 -0.8318
vn -0.2878 0.7871 -0.5455
vn -0.1058 0.8114 -0.5748
vn -0.0266 0.9865 -0.1618
vn 0.2413 0.9341 0.2632
vn 0.4508 0.6357 0.6266
vn 0.5413 0.1513 0.8271
vn 0.3678 0.1054 0.9239
vn 0.4751 -0.3886 0.7895
vn 0.2936 -0.3404 0.8933
vn 0.2690 -0.8114 0.5190
vn 0.1555 -0.7236 0.6725
vn -0.0074 -0.9940 0.1095
vn -0.2740 -0.9078 -0.3175
vn -0.4674 -0.5903 -0.6581
vn -0.6355 0.4145 -0.6514
vn -0.6842 -0.1939 -0.7030
vn -0.3581 0.8592 -0.3654
vn 0.0931 0.9949 0.0390
vn 0.3269 0.8827 0.3378
vn 0.6074 0.4904 0.6250
vn 0.6961 0.0669 0.7149
vn 0.6669 -0.2957 0.6840
vn 0.5136 -0.6782 0.5256
vn -0.1404 -0.9806 0.1365
vn -0.1160 -0.9858 -0.1210
vn -0.4845 -0.7182 -0.4994
vn 0.9596 0.1661 -0.2273
vn 0.9658 -0.0575 -0.2529
vn 0.9658 -0.0574 -0.2529
vn 0.9595 0.1661 -0.2273
vn 0.7627 0.6341 -0.1272
vn 0.8770 0.4468 -0.1766
vn 0.8770 0.4469 -0.1766
vn 0.5531 0.8314 -0.0530
vn -0.5980 0.7664 0.2344
vn -0.4126 0.8887 0.1998
vn -0.4127 0.8887 0.1998
vn -0.8993 0.3466 0.2667
vn -0.7958 0.5463 0.2613
vn -0.7959 0.5462 0.2613
vn -0.8993 0.3465 0.2667
vn -0.9595 -0.1661 0.2275
vn -0.9658 0.0575 0.2527
vn -0.9658 0.0574 0.2527
vn -0.9595 -0.1663 0.2275
vn -0.7625 -0.6343 0.1274
vn -0.8772 -0.4466 0.1764
vn -0.8771 -0.4468 0.1764
vn -0.7624 -0.6345 0.1274
vn -0.5533 -0.8313 0.0528
vn 0.5982 -0.7663 -0.2342
vn 0.4123 -0.8888 -0.2000
vn 0.4126 -0.8887 -0.2000
vn 0.8994 -0.3465 -0.2665
vn 0.7956 -0.5464 -0.2615
vn 0.7958 -0.5463 -0.2615
vn 0.8995 -0.3463 -0.2665
vn -0.1915 0.6288 -0.7536
vn -0.2262 0.4910 -0.8413
vn -0.2851 0.0789 -0.9552
vn -0.2872 0.0504 -0.9565
vn 0.1867 0.9794 -0.0766
vn 0.3146 0.8812 -0.3529
vn 0.0092 0.9960 0.0889
vn 0.1404 0.9899 -0.0168
vn -0.1911 0.9441 0.2688
vn -0.0482 0.9496 0.3099
vn 0.2923 0.3208 0.9009
vn 0.2785 0.4983 0.8210
vn 0.2872 -0.0512 0.9565
vn 0.2859 -0.0684 0.9558
vn 0.2415 -0.4154 0.8770
vn 0.1960 -0.6130 0.7654
vn -0.3221 -0.9238 0.2071
vn -0.2337 -0.9532 0.1918
vn -0.1296 -0.9913 0.0229
vn -0.0496 -0.9882 -0.1448
vn 0.0491 -0.9887 -0.1419
vn 0.1426 -0.8759 -0.4610
vn -0.2724 -0.5475 -0.7912
vn -0.2907 -0.3521 -0.8897
vn 0.8353 0.4413 0.3278
vn 0.7921 0.5249 0.3116
vn 0.9293 -0.0784 0.3609
vn 0.9260 -0.1153 0.3594
vn 0.2668 0.8884 0.3736
vn 0.0097 0.9999 0.0083
vn -0.2394 0.9077 -0.3447
vn -0.7880 0.5360 -0.3029
vn -0.8377 0.4405 -0.3228
vn -0.9279 0.0955 -0.3603
vn -0.9294 0.0773 -0.3609
vn -0.8686 -0.3603 -0.3402
vn -0.8895 -0.2960 -0.3480
vn -0.3410 -0.8086 -0.4795
vn -0.1023 -0.9849 -0.1398
vn 0.1541 -0.9623 0.2239
vn 0.7229 -0.6331 0.2769
vn 0.7086 -0.6514 0.2712
vn -0.4828 0.7194 0.4993
vn 0.0301 0.4443 0.8954
vn 0.0264 -0.1115 0.9934
vn 0.0270 -0.0678 0.9973
vn -0.1629 0.9543 0.2506
vn 0.0999 0.9946 0.0286
vn 0.3654 0.9067 -0.2107
vn -0.0189 0.4795 -0.8774
vn -0.0174 0.5331 -0.8459
vn -0.0268 0.0793 -0.9965
vn -0.0267 0.0920 -0.9954
vn -0.0301 -0.3400 -0.9399
vn -0.0301 -0.3636 -0.9311
vn 0.3075 -0.8782 -0.3665
vn 0.0418 -0.9878 -0.1500
vn -0.2234 -0.9714 0.0806
vn 0.0147 -0.6205 0.7841
vn 0.0143 -0.6303 0.7762
vn -0.7827 0.5735 -0.2418
vn -0.9826 0.0670 -0.1731
vn -0.9378 0.0676 -0.3405
vn -0.4092 0.9093 -0.0765
vn 0.0668 0.9921 0.1060
vn 0.5188 0.8150 0.2582
vn 0.8359 0.4280 0.3436
vn 0.9126 0.3552 0.2026
vn 0.9377 -0.0712 0.3402
vn 0.9831 -0.0554 0.1744
vn 0.7958 -0.5522 0.2484
vn 0.8797 -0.4615 0.1147
vn 0.4488 -0.8888 0.0927
vn -0.0141 -0.9961 -0.0869
vn -0.4784 -0.8431 -0.2456
vn -0.8219 -0.4565 -0.3407
vn -0.8376 -0.5067 -0.2041
vn -0.6628 0.6654 -0.3435
vn -0.8641 0.0868 -0.4957
vn 0.0719 0.9965 -0.0430
vn 0.0435 0.9855 0.1643
vn 0.0083 0.9190 0.3941
vn 0.8257 0.2700 0.4953
vn 0.8640 -0.0899 0.4954
vn 0.7902 -0.4353 0.4315
vn -0.0944 -0.9699 0.2246
vn -0.0641 -0.9978 -0.0157
vn -0.0351 -0.9746 -0.2213
vn -0.7211 -0.5265 -0.4504
vn 0.9194 0.3393 -0.1987
vn 0.8101 0.5677 -0.1465
vn 0.9674 -0.0348 -0.2508
vn 0.9630 -0.0863 -0.2552
vn -0.7320 0.6321 0.2542
vn -0.8842 0.3836 0.2666
vn -0.9618 0.0968 0.2560
vn -0.9676 0.0317 0.2505
vn -0.8646 -0.4726 0.1706
vn -0.9251 -0.3216 0.2021
vn 0.8250 -0.4997 -0.2639
vn 0.7391 -0.6234 -0.2551
# 582 vertex normals

vt 0.2233 0.4036 0.0000
vt 0.1087 0.4052 0.0000
vt 0.1087 0.4051 0.0000
vt 0.2233 0.4035 0.0000
vt 0.1086 0.4052 0.0000
vt 0.9611 0.0831 0.0000
vt 0.9787 0.1977 0.0000
vt 0.9611 0.0832 0.0000
vt 0.9612 0.0831 0.0000
vt 0.1728 0.2165 0.0000
vt 0.2863 0.2183 0.0000
vt 0.5534 0.0200 0.0000
vt 0.6629 0.0208 0.0000
vt 0.6629 0.0209 0.0000
vt 0.6535 0.5488 0.0000
vt 0.6668 0.4336 0.0000
vt 0.6535 0.5487 0.0000
vt 0.6667 0.4336 0.0000
vt 0.6653 0.2650 0.0000
vt 0.5090 0.2676 0.0000
vt 0.6653 0.2649 0.0000
vt 0.8027 0.0878 0.0000
vt 0.8026 0.0878 0.0000
vt 0.8026 0.0877 0.0000
vt 0.4887 0.2180 0.0000
vt 0.3337 0.2183 0.0000
vt 0.0243 0.7948 0.0000
vt 0.1775 0.7977 0.0000
vt 0.4949 0.5501 0.0000
vt 0.4950 0.5501 0.0000
vt 0.4342 0.4894 0.0000
vt 0.2845 0.4947 0.0000
vt 0.2224 0.4402 0.0000
vt 0.0843 0.4427 0.0000
vt 0.0843 0.4426 0.0000
vt 0.7836 0.2281 0.0000
vt 0.5261 0.1659 0.0000
vt 0.6649 0.1678 0.0000
vt 0.6648 0.1678 0.0000
vt 0.6649 0.1677 0.0000
vt 0.0424 0.7597 0.0000
vt 0.1762 0.7571 0.0000
vt 0.4706 0.4105 0.0000
vt 0.4707 0.4105 0.0000
vt 0.4707 0.4106 0.0000
vt 0.2670 0.2660 0.0000
vt 0.1334 0.2676 0.0000
vt 0.0842 0.4426 0.0000
vt 0.3124 0.1193 0.0000
vt 0.1990 0.1185 0.0000
vt 0.3124 0.1192 0.0000
vt 0.8993 0.2370 0.0000
vt 0.3376 0.7976 0.0000
vt 0.2261 0.7769 0.0000
vt 0.3376 0.7977 0.0000
vt 0.2261 0.7770 0.0000
vt 0.0314 0.1678 0.0000
vt 0.1410 0.1670 0.0000
vt 0.5859 0.3973 0.0000
vt 0.2793 0.7110 0.0000
vt 0.3892 0.6950 0.0000
vt 0.3893 0.6950 0.0000
vt 0.7874 0.5791 0.0000
vt 0.8714 0.5784 0.0000
vt 0.4167 0.7797 0.0000
vt 0.6317 0.5316 0.0000
vt 0.6325 0.4475 0.0000
vt 0.2025 0.6904 0.0000
vt 0.8714 0.5785 0.0000
vt 0.4971 0.3026 0.0000
vt 0.6657 0.3084 0.0000
vt 0.4972 0.3026 0.0000
vt 0.4246 0.5827 0.0000
vt 0.5902 0.6217 0.0000
vt 0.4247 0.5827 0.0000
vt 0.4245 0.5827 0.0000
vt 0.5902 0.6216 0.0000
vt 0.4245 0.5826 0.0000
vt 0.2413 0.3636 0.0000
vt 0.0749 0.3627 0.0000
vt 0.2412 0.3635 0.0000
vt 0.2412 0.3636 0.0000
vt 0.4340 0.4420 0.0000
vt 0.2728 0.4427 0.0000
vt 0.2728 0.4426 0.0000
vt 0.4341 0.4420 0.0000
vt 0.1733 0.9681 0.0000
vt 0.3404 0.9356 0.0000
vt 0.1732 0.9681 0.0000
vt 0.1734 0.9680 0.0000
vt 0.3472 0.3583 0.0000
vt 0.4631 0.3614 0.0000
vt 0.4632 0.3613 0.0000
vt 0.5072 0.6658 0.0000
vt 0.5072 0.6657 0.0000
vt 0.5071 0.6658 0.0000
vt 0.2772 0.6552 0.0000
vt 0.3933 0.6478 0.0000
vt 0.3932 0.6478 0.0000
vt 0.2591 0.8883 0.0000
vt 0.3472 0.3584 0.0000
vt 0.2870 0.3636 0.0000
vt 0.5459 0.7124 0.0000
vt 0.5459 0.7123 0.0000
vt 0.2168 0.6522 0.0000
vt 0.2169 0.6522 0.0000
vt 0.2169 0.6521 0.0000
vt 0.2997 0.8432 0.0000
vt 0.2997 0.8433 0.0000
vt 0.8156 0.1149 0.0000
vt 0.9346 0.1183 0.0000
vt 0.1807 0.1674 0.0000
vt 0.3008 0.1678 0.0000
vt 0.3007 0.1678 0.0000
vt 0.6673 0.6755 0.0000
vt 0.6672 0.6755 0.0000
vt 0.1529 0.6012 0.0000
vt 0.0337 0.5999 0.0000
vt 0.4893 0.0724 0.0000
vt 0.3692 0.0726 0.0000
vt 0.4195 0.8848 0.0000
vt 0.4195 0.8849 0.0000
vt 0.7900 0.5655 0.0000
vt 0.8721 0.5667 0.0000
vt 0.7900 0.5654 0.0000
vt 0.6673 0.5924 0.0000
vt 0.6672 0.5925 0.0000
vt 0.9491 0.6128 0.0000
vt 0.9503 0.6940 0.0000
vt 0.9492 0.6128 0.0000
vt 0.9504 0.6940 0.0000
vt 0.6199 0.5273 0.0000
vt 0.6175 0.4487 0.0000
vt 0.6176 0.4487 0.0000
vt 0.4162 0.9679 0.0000
vt 0.4163 0.9679 0.0000
vt 0.4162 0.9678 0.0000
vt 0.8721 0.5668 0.0000
vt 0.8279 0.8344 0.0000
vt 0.9090 0.8337 0.0000
vt 0.9089 0.8337 0.0000
vt 0.8279 0.8343 0.0000
vt 0.7369 0.9483 0.0000
vt 0.7378 0.8671 0.0000
vt 0.7370 0.9483 0.0000
vt 0.7377 0.8671 0.0000
vt 0.9090 0.8338 0.0000
vt 0.5334 0.4621 0.0000
vt 0.6035 0.4642 0.0000
vt 0.6035 0.4643 0.0000
vt 0.5334 0.4620 0.0000
vt 0.6034 0.4642 0.0000
vt 0.8796 0.9527 0.0000
vt 0.8505 0.8888 0.0000
vt 0.8505 0.8886 0.0000
vt 0.8796 0.9526 0.0000
vt 0.8795 0.9528 0.0000
vt 0.8505 0.8889 0.0000
vt 0.8506 0.8891 0.0000
vt 0.8278 0.2061 0.0000
vt 0.8281 0.1365 0.0000
vt 0.8282 0.1364 0.0000
vt 0.8279 0.2059 0.0000
vt 0.6029 0.4766 0.0000
vt 0.5339 0.4760 0.0000
vt 0.6028 0.4767 0.0000
vt 0.5337 0.4761 0.0000
vt 0.8093 0.6970 0.0000
vt 0.8384 0.6331 0.0000
vt 0.8383 0.6333 0.0000
vt 0.8093 0.6969 0.0000
vt 0.8384 0.6329 0.0000
vt 0.8093 0.6968 0.0000
vt 0.8384 0.6328 0.0000
vt 0.3339 0.8982 0.0000
vt 0.4007 0.8981 0.0000
vt 0.5334 0.4622 0.0000
vt 0.9767 0.7580 0.0000
vt 0.8788 0.7598 0.0000
vt 0.9767 0.7579 0.0000
vt 0.0262 0.2160 0.0000
vt 0.1239 0.2182 0.0000
vt 0.1239 0.2183 0.0000
vt 0.9788 0.9277 0.0000
vt 0.9789 0.9277 0.0000
vt 0.9790 0.9278 0.0000
vt 0.4980 0.0259 0.0000
vt 0.3844 0.0233 0.0000
vt 0.3845 0.0233 0.0000
vt 0.0716 0.0710 0.0000
vt 0.1695 0.0725 0.0000
vt 0.1695 0.0726 0.0000
vt 0.7150 0.5040 0.0000
vt 0.8133 0.5022 0.0000
vt 0.7150 0.5039 0.0000
vt 0.8133 0.5021 0.0000
vt 0.3181 0.0726 0.0000
vt 0.2202 0.0710 0.0000
vt 0.2202 0.0709 0.0000
vt 0.8094 0.6971 0.0000
vt 0.7099 0.6721 0.0000
vt 0.7100 0.6720 0.0000
vt 0.1351 0.9297 0.0000
vt 0.0218 0.9278 0.0000
vt 0.0217 0.9278 0.0000
vt 0.1268 0.9669 0.0000
vt 0.0291 0.9646 0.0000
vt 0.8788 0.7597 0.0000
vt 0.0202 0.6551 0.0000
vt 0.1731 0.6518 0.0000
vt 0.9771 0.7763 0.0000
vt 0.0200 0.6550 0.0000
vt 0.9772 0.7761 0.0000
vt 0.9772 0.7759 0.0000
vt 0.4639 0.3059 0.0000
vt 0.3099 0.3083 0.0000
vt 0.3100 0.3083 0.0000
vt 0.9773 0.7757 0.0000
vt 0.4640 0.3059 0.0000
vt 0.3099 0.3084 0.0000
vt 0.4640 0.3060 0.0000
vt 0.3100 0.3084 0.0000
vt 0.7116 0.5201 0.0000
vt 0.4638 0.3061 0.0000
vt 0.7117 0.5204 0.0000
vt 0.7118 0.5206 0.0000
vt 0.0201 0.6552 0.0000
vt 0.1731 0.6519 0.0000
vt 0.7118 0.5208 0.0000
vt 0.9627 0.6132 0.0000
vt 0.9621 0.6975 0.0000
vt 0.9621 0.6974 0.0000
vt 0.9627 0.6131 0.0000
vt 0.9387 0.8535 0.0000
vt 0.9771 0.7765 0.0000
vt 0.9628 0.6133 0.0000
vt 0.9387 0.8534 0.0000
vt 0.9388 0.8532 0.0000
vt 0.9745 0.6991 0.0000
vt 0.9771 0.6119 0.0000
vt 0.9771 0.6121 0.0000
vt 0.9388 0.8531 0.0000
vt 0.9745 0.6990 0.0000
vt 0.9770 0.6118 0.0000
vt 0.7499 0.9528 0.0000
vt 0.7494 0.8697 0.0000
vt 0.7495 0.8697 0.0000
vt 0.9744 0.6991 0.0000
vt 0.7502 0.5975 0.0000
vt 0.7116 0.5199 0.0000
vt 0.7499 0.9529 0.0000
vt 0.7502 0.5977 0.0000
vt 0.7503 0.5978 0.0000
vt 0.8704 0.5537 0.0000
vt 0.7877 0.5530 0.0000
vt 0.7875 0.5529 0.0000
vt 0.7503 0.5979 0.0000
vt 0.9620 0.6975 0.0000
vt 0.8704 0.5538 0.0000
vt 0.8162 0.1356 0.0000
vt 0.8159 0.2122 0.0000
vt 0.8159 0.2123 0.0000
vt 0.8161 0.1357 0.0000
vt 0.9209 0.7787 0.0000
vt 0.9387 0.8536 0.0000
vt 0.9209 0.7788 0.0000
vt 0.9210 0.7786 0.0000
vt 0.5118 0.4462 0.0000
vt 0.5091 0.5224 0.0000
vt 0.5091 0.5225 0.0000
vt 0.5119 0.4462 0.0000
vt 0.5092 0.5224 0.0000
vt 0.5092 0.5225 0.0000
vt 0.7679 0.5229 0.0000
vt 0.7502 0.5974 0.0000
vt 0.7679 0.5228 0.0000
vt 0.7680 0.5230 0.0000
vt 0.8158 0.2123 0.0000
vt 0.8157 0.2122 0.0000
vt 0.8160 0.1356 0.0000
vt 0.5536 0.3536 0.0000
vt 0.4936 0.3639 0.0000
vt 0.5535 0.3536 0.0000
vt 0.8621 0.7958 0.0000
vt 0.8621 0.7959 0.0000
vt 0.8622 0.7957 0.0000
vt 0.9200 0.0394 0.0000
vt 0.9800 0.0498 0.0000
vt 0.9200 0.0395 0.0000
vt 0.9800 0.0497 0.0000
vt 0.9200 0.0393 0.0000
vt 0.9800 0.0496 0.0000
vt 0.8267 0.5400 0.0000
vt 0.8267 0.5401 0.0000
vt 0.8267 0.5402 0.0000
vt 0.5535 0.3535 0.0000
vt 0.4936 0.3638 0.0000
vt 0.8516 0.1633 0.0000
vt 0.9114 0.1645 0.0000
vt 0.9114 0.1646 0.0000
vt 0.8516 0.1634 0.0000
vt 0.8138 0.7565 0.0000
vt 0.8138 0.7564 0.0000
vt 0.1864 0.8453 0.0000
vt 0.2462 0.8443 0.0000
vt 0.2462 0.8444 0.0000
vt 0.1864 0.8454 0.0000
vt 0.8707 0.0289 0.0000
vt 0.8707 0.0290 0.0000
vt 0.9114 0.1775 0.0000
vt 0.8516 0.1763 0.0000
vt 0.9114 0.1774 0.0000
vt 0.8751 0.5007 0.0000
vt 0.8751 0.5006 0.0000
vt 0.8751 0.5008 0.0000
vt 0.8516 0.1516 0.0000
vt 0.9114 0.1503 0.0000
vt 0.9114 0.1504 0.0000
vt 0.6028 0.3431 0.0000
vt 0.6679 0.3619 0.0000
vt 0.6028 0.3432 0.0000
vt 0.6679 0.3618 0.0000
vt 0.7498 0.7739 0.0000
vt 0.7499 0.7739 0.0000
vt 0.7496 0.7739 0.0000
vt 0.7495 0.7739 0.0000
vt 0.8050 0.0478 0.0000
vt 0.8051 0.0478 0.0000
vt 0.8049 0.0477 0.0000
vt 0.8050 0.0477 0.0000
vt 0.9394 0.5182 0.0000
vt 0.9395 0.5182 0.0000
vt 0.9392 0.5182 0.0000
vt 0.9391 0.5182 0.0000
vt 0.6679 0.3617 0.0000
vt 0.6028 0.3430 0.0000
vt 0.6680 0.3617 0.0000
vt 0.5093 0.4265 0.0000
vt 0.5675 0.4245 0.0000
vt 0.5674 0.4246 0.0000
vt 0.5093 0.4264 0.0000
vt 0.5676 0.4245 0.0000
vt 0.4870 0.6793 0.0000
vt 0.4241 0.6784 0.0000
vt 0.4242 0.6783 0.0000
vt 0.8020 0.8007 0.0000
vt 0.8021 0.8007 0.0000
vt 0.8019 0.8007 0.0000
vt 0.1867 0.8702 0.0000
vt 0.2502 0.8711 0.0000
vt 0.2501 0.8712 0.0000
vt 0.8508 0.1366 0.0000
vt 0.9088 0.1385 0.0000
vt 0.9087 0.1386 0.0000
vt 0.8506 0.1367 0.0000
vt 0.8507 0.1366 0.0000
vt 0.6301 0.6567 0.0000
vt 0.5722 0.6569 0.0000
vt 0.5721 0.6568 0.0000
vt 0.6301 0.6568 0.0000
vt 0.5723 0.6569 0.0000
vt 0.1869 0.8570 0.0000
vt 0.2499 0.8586 0.0000
vt 0.2500 0.8586 0.0000
vt 0.8869 0.5450 0.0000
vt 0.8871 0.5450 0.0000
vt 0.8868 0.5450 0.0000
vt 0.4048 0.9114 0.0000
vt 0.3416 0.9098 0.0000
vt 0.3415 0.9097 0.0000
vt 0.4841 0.6913 0.0000
vt 0.4279 0.6910 0.0000
vt 0.4278 0.6909 0.0000
vt 0.5093 0.4266 0.0000
vt 0.6657 0.0676 0.0000
vt 0.5605 0.0704 0.0000
vt 0.5605 0.0703 0.0000
vt 0.6657 0.0675 0.0000
vt 0.6658 0.0676 0.0000
vt 0.5606 0.0704 0.0000
vt 0.7102 0.8523 0.0000
vt 0.7104 0.8523 0.0000
vt 0.7100 0.8524 0.0000
vt 0.7098 0.8524 0.0000
vt 0.8018 0.8007 0.0000
vt 0.1724 0.0243 0.0000
vt 0.0664 0.0243 0.0000
vt 0.0664 0.0242 0.0000
vt 0.1723 0.0242 0.0000
vt 0.9752 0.9632 0.0000
vt 0.8745 0.9633 0.0000
vt 0.8746 0.9632 0.0000
vt 0.9754 0.9632 0.0000
vt 0.9788 0.5967 0.0000
vt 0.9790 0.5967 0.0000
vt 0.9786 0.5966 0.0000
vt 0.9784 0.5966 0.0000
vt 0.8867 0.5450 0.0000
vt 0.6658 0.0675 0.0000
vt 0.4264 0.7038 0.0000
vt 0.4807 0.7030 0.0000
vt 0.4807 0.7031 0.0000
vt 0.4264 0.7037 0.0000
vt 0.4808 0.7030 0.0000
vt 0.7645 0.8550 0.0000
vt 0.7646 0.8549 0.0000
vt 0.7644 0.8551 0.0000
vt 0.6263 0.6436 0.0000
vt 0.5715 0.6449 0.0000
vt 0.5716 0.6448 0.0000
vt 0.6264 0.6436 0.0000
vt 0.6263 0.6437 0.0000
vt 0.5715 0.6450 0.0000
vt 0.6264 0.6438 0.0000
vt 0.5716 0.6450 0.0000
vt 0.9244 0.5993 0.0000
vt 0.9245 0.5993 0.0000
vt 0.9244 0.5992 0.0000
vt 0.9243 0.5992 0.0000
vt 0.4808 0.7031 0.0000
vt 0.4265 0.7039 0.0000
vt 0.5334 0.5282 0.0000
vt 0.5997 0.5297 0.0000
vt 0.5997 0.5298 0.0000
vt 0.5334 0.5281 0.0000
vt 0.7625 0.9207 0.0000
vt 0.7626 0.9207 0.0000
vt 0.7625 0.9208 0.0000
vt 0.7624 0.9208 0.0000
vt 0.5997 0.4894 0.0000
vt 0.5334 0.4884 0.0000
vt 0.5334 0.4883 0.0000
vt 0.5996 0.4894 0.0000
vt 0.5997 0.4895 0.0000
vt 0.5996 0.4895 0.0000
vt 0.5334 0.4885 0.0000
vt 0.9264 0.6650 0.0000
vt 0.9265 0.6651 0.0000
vt 0.9263 0.6650 0.0000
vt 0.9263 0.6649 0.0000
vt 0.5997 0.5299 0.0000
vt 0.5334 0.5283 0.0000
vt 0.5698 0.5135 0.0000
vt 0.6027 0.5155 0.0000
vt 0.6027 0.5156 0.0000
vt 0.5698 0.5134 0.0000
vt 0.6028 0.5155 0.0000
vt 0.7935 0.9326 0.0000
vt 0.7935 0.9325 0.0000
vt 0.5701 0.4504 0.0000
vt 0.6031 0.4471 0.0000
vt 0.6031 0.4472 0.0000
vt 0.5701 0.4505 0.0000
vt 0.5701 0.4503 0.0000
vt 0.6031 0.4470 0.0000
vt 0.8954 0.6769 0.0000
vt 0.8954 0.6768 0.0000
vt 0.8953 0.6768 0.0000
vt 0.6028 0.5157 0.0000
vt 0.5698 0.5136 0.0000
vt 0.5312 0.5165 0.0000
vt 0.5312 0.5166 0.0000
vt 0.8834 0.3121 0.0000
vt 0.8349 0.3122 0.0000
vt 0.8349 0.3121 0.0000
vt 0.8833 0.3120 0.0000
vt 0.8302 0.9683 0.0000
vt 0.8302 0.9682 0.0000
vt 0.8302 0.9684 0.0000
vt 0.8303 0.9685 0.0000
vt 0.8341 0.3483 0.0000
vt 0.8340 0.3970 0.0000
vt 0.8339 0.3970 0.0000
vt 0.8340 0.3484 0.0000
vt 0.5312 0.4487 0.0000
vt 0.5312 0.4488 0.0000
vt 0.8350 0.3002 0.0000
vt 0.8836 0.3003 0.0000
vt 0.8587 0.7126 0.0000
vt 0.8586 0.7127 0.0000
vt 0.8587 0.7125 0.0000
vt 0.8587 0.7124 0.0000
vt 0.8833 0.3239 0.0000
vt 0.8349 0.3240 0.0000
vt 0.8349 0.3239 0.0000
vt 0.8834 0.3238 0.0000
vt 0.7246 0.8673 0.0000
vt 0.7252 0.9482 0.0000
vt 0.7245 0.8672 0.0000
vt 0.7247 0.8674 0.0000
vt 0.7253 0.9483 0.0000
vt 0.8281 0.8087 0.0000
vt 0.9089 0.8096 0.0000
vt 0.9088 0.8096 0.0000
vt 0.8280 0.8088 0.0000
vt 0.9089 0.8095 0.0000
vt 0.8280 0.8086 0.0000
vt 0.9088 0.8094 0.0000
vt 0.7251 0.9483 0.0000
vt 0.7245 0.8673 0.0000
vt 0.5369 0.1193 0.0000
vt 0.6666 0.1170 0.0000
vt 0.5370 0.1193 0.0000
vt 0.9787 0.2693 0.0000
vt 0.9069 0.3829 0.0000
vt 0.9786 0.2693 0.0000
vt 0.9787 0.2692 0.0000
vt 0.8143 0.1033 0.0000
vt 0.9440 0.1007 0.0000
vt 0.1625 0.7065 0.0000
vt 0.0353 0.7112 0.0000
vt 0.0353 0.7111 0.0000
vt 0.6668 0.9684 0.0000
vt 0.5908 0.8575 0.0000
vt 0.6667 0.9684 0.0000
vt 0.4891 0.1192 0.0000
vt 0.3620 0.1193 0.0000
vt 0.3620 0.1192 0.0000
vt 0.2768 0.3084 0.0000
vt 0.1182 0.3074 0.0000
vt 0.8193 0.2856 0.0000
vt 0.8193 0.2855 0.0000
vt 0.3053 0.2676 0.0000
vt 0.4620 0.2666 0.0000
vt 0.4620 0.2665 0.0000
vt 0.0800 0.4948 0.0000
vt 0.2317 0.4936 0.0000
vt 0.2318 0.4936 0.0000
vt 0.5069 0.9580 0.0000
vt 0.5069 0.9581 0.0000
vt 0.6667 0.9683 0.0000
vt 0.1999 0.5468 0.0000
vt 0.0287 0.5488 0.0000
vt 0.1999 0.5469 0.0000
vt 0.7691 0.4497 0.0000
vt 0.4949 0.7501 0.0000
vt 0.6664 0.7520 0.0000
vt 0.6664 0.7521 0.0000
vt 0.4949 0.7500 0.0000
vt 0.4950 0.7500 0.0000
vt 0.4506 0.7959 0.0000
vt 0.4507 0.7959 0.0000
vt 0.3248 0.5439 0.0000
vt 0.2415 0.5490 0.0000
vt 0.2415 0.5489 0.0000
vt 0.8514 0.4569 0.0000
vt 0.8514 0.4570 0.0000
vt 0.2790 0.6012 0.0000
vt 0.1955 0.5993 0.0000
vt 0.2790 0.6013 0.0000
vt 0.5325 0.7856 0.0000
vt 0.4411 0.5413 0.0000
vt 0.9782 0.4237 0.0000
vt 0.9783 0.4237 0.0000
vt 0.4767 0.1669 0.0000
vt 0.3523 0.1678 0.0000
vt 0.3955 0.5995 0.0000
vt 0.6606 0.8141 0.0000
vt 0.6607 0.8141 0.0000
vt 0.6605 0.8141 0.0000
vt 0.6626 0.2145 0.0000
vt 0.5385 0.2182 0.0000
vt 0.2401 0.0242 0.0000
vt 0.3213 0.0236 0.0000
vt 0.2401 0.0243 0.0000
vt 0.9784 0.4237 0.0000
vt 0.8278 0.8213 0.0000
vt 0.9090 0.8221 0.0000
vt 0.8278 0.8212 0.0000
vt 0.9090 0.8220 0.0000
vt 0.8277 0.8212 0.0000
vt 0.5907 0.8575 0.0000
# 572 texture coords

g Line02
f 1/1/1 2/2/2 3/3/3 
f 3/3/3 4/4/4 1/1/1 
f 5/1/5 6/5/6 2/2/2 
f 2/2/2 1/1/1 5/1/5 
f 7/6/7 8/7/8 6/7/6 
f 6/7/6 5/8/5 7/6/7 
f 9/6/9 10/7/10 8/7/8 
f 8/7/8 7/6/7 9/6/9 
f 11/9/11 12/7/12 10/7/10 
f 10/7/10 9/6/9 11/9/11 
f 13/10/13 14/11/14 12/11/12 
f 12/11/12 11/10/11 13/10/13 
f 15/10/15 16/11/16 14/11/14 
f 14/11/14 13/10/13 15/10/15 
f 17/12/17 18/13/18 16/14/16 
f 16/14/16 15/12/15 17/12/17 
f 19/15/19 20/16/20 18/16/18 
f 18/16/18 17/15/17 19/15/19 
f 21/17/21 22/16/22 20/16/20 
f 20/16/20 19/15/19 21/17/21 
f 23/17/23 24/18/24 22/16/22 
f 22/16/22 21/17/21 23/17/23 
f 4/4/4 3/3/3 24/3/24 
f 24/3/24 23/4/23 4/4/4 
f 25/19/25 1/20/26 4/20/27 
f 4/20/27 26/21/28 25/19/25 
f 27/22/29 5/8/5 1/8/26 
f 1/20/26 25/19/25 27/19/29 
f 28/23/30 7/6/7 5/8/5 
f 5/8/5 27/22/29 28/23/30 
f 29/24/31 9/6/9 7/6/7 
f 7/6/7 28/23/30 29/24/31 
f 30/25/32 11/26/33 9/26/9 
f 9/26/9 29/25/31 30/25/32 
f 31/25/34 13/26/35 11/26/33 
f 11/26/33 30/25/32 31/25/34 
f 32/27/36 15/28/37 13/28/35 
f 13/28/35 31/27/34 32/27/36 
f 33/29/38 17/15/17 15/15/37 
f 15/28/37 32/27/36 33/27/38 
f 34/29/39 19/15/19 17/15/17 
f 17/15/17 33/29/38 34/29/39 
f 35/30/40 21/17/21 19/15/19 
f 19/15/19 34/29/39 35/30/40 
f 36/31/41 23/32/42 21/32/21 
f 21/32/21 35/31/40 36/31/41 
f 26/21/28 4/20/27 23/20/42 
f 23/20/42 36/21/41 26/21/28 
f 37/33/43 25/34/44 26/35/45 
f 26/35/45 38/33/46 37/33/43 
f 39/36/47 27/22/29 25/22/44 
f 25/22/44 37/36/43 39/36/47 
f 40/36/48 28/23/30 27/22/29 
f 27/22/29 39/36/47 40/36/48 
f 41/36/49 29/24/31 28/23/30 
f 28/23/30 40/36/48 41/36/49 
f 42/37/50 30/38/51 29/39/31 
f 29/39/31 41/37/49 42/37/50 
f 43/37/52 31/40/53 30/38/51 
f 30/38/51 42/37/50 43/37/52 
f 44/41/54 32/42/55 31/42/53 
f 31/42/53 43/41/52 44/41/54 
f 45/43/56 33/29/38 32/29/55 
f 32/29/55 44/43/54 45/43/56 
f 46/44/57 34/29/39 33/29/38 
f 33/29/38 45/43/56 46/44/57 
f 47/45/58 35/30/40 34/29/39 
f 34/29/39 46/44/57 47/45/58 
f 48/46/59 36/47/60 35/47/40 
f 35/47/40 47/46/58 48/46/59 
f 38/33/46 26/35/45 36/48/60 
f 36/48/60 48/33/59 38/33/46 
f 49/49/61 37/50/62 38/50/63 
f 38/50/63 50/51/64 49/49/61 
f 51/52/65 39/36/47 37/36/62 
f 37/36/62 49/52/61 51/52/65 
f 52/52/66 40/36/48 39/36/47 
f 39/36/47 51/52/65 52/52/66 
f 53/52/67 41/36/49 40/36/48 
f 40/36/48 52/52/66 53/52/67 
f 54/53/68 42/54/69 41/54/49 
f 41/54/49 53/53/67 54/53/68 
f 55/55/70 43/56/71 42/54/69 
f 42/54/69 54/53/68 55/55/70 
f 56/57/72 44/58/73 43/58/71 
f 43/58/71 55/57/70 56/57/72 
f 57/59/74 45/43/56 44/43/73 
f 44/43/73 56/59/72 57/59/74 
f 58/59/75 46/44/57 45/43/56 
f 45/43/56 57/59/74 58/59/75 
f 59/59/76 47/45/58 46/44/57 
f 46/44/57 58/59/75 59/59/76 
f 60/60/77 48/61/78 47/62/58 
f 47/62/58 59/60/76 60/60/77 
f 50/51/64 38/50/63 48/50/78 
f 48/50/78 60/51/77 50/51/64 
f 2/63/79 49/64/61 50/64/64 
f 50/64/64 3/63/80 2/63/79 
f 6/7/6 51/52/65 49/52/61 
f 49/52/61 2/7/79 6/7/6 
f 8/7/8 52/52/66 51/52/65 
f 51/52/65 6/7/6 8/7/8 
f 10/7/10 53/52/67 52/52/66 
f 52/52/66 8/7/8 10/7/10 
f 12/65/12 54/53/68 53/53/67 
f 53/53/67 10/65/10 12/65/12 
f 14/66/14 55/67/70 54/67/68 
f 54/67/68 12/66/12 14/66/14 
f 16/66/81 56/67/72 55/67/70 
f 55/67/70 14/66/14 16/66/81 
f 18/16/18 57/59/74 56/59/72 
f 56/59/72 16/16/81 18/16/18 
f 20/16/20 58/59/75 57/59/74 
f 57/59/74 18/16/18 20/16/20 
f 22/16/22 59/59/76 58/59/75 
f 58/59/75 20/16/20 22/16/22 
f 24/68/82 60/60/77 59/60/76 
f 59/60/76 22/68/22 24/68/82 
f 3/63/80 50/64/64 60/69/77 
f 60/69/77 24/63/82 3/63/80 
f 61/70/83 62/71/84 63/71/85 
f 63/71/85 64/72/86 61/70/83 
f 65/70/87 66/71/88 62/71/84 
f 62/71/84 61/70/83 65/70/87 
f 67/73/89 68/74/90 66/74/88 
f 66/74/88 65/75/87 67/73/89 
f 69/76/91 70/77/92 68/74/90 
f 68/74/90 67/73/89 69/76/91 
f 71/78/93 72/77/94 70/77/92 
f 70/77/92 69/76/91 71/78/93 
f 73/79/95 74/80/96 72/80/94 
f 72/80/94 71/81/93 73/79/95 
f 75/82/97 76/80/98 74/80/96 
f 74/80/96 73/79/95 75/82/97 
f 77/83/99 78/84/100 76/85/98 
f 76/85/98 75/86/97 77/83/99 
f 79/87/101 80/88/102 78/88/100 
f 78/88/100 77/89/99 79/87/101 
f 81/90/103 82/88/104 80/88/102 
f 80/88/102 79/87/101 81/90/103 
f 83/90/105 84/88/106 82/88/104 
f 82/88/104 81/90/103 83/90/105 
f 64/72/86 63/71/85 84/71/106 
f 84/71/106 83/70/105 64/72/86 
f 85/91/107 61/92/83 64/92/86 
f 64/92/86 86/91/108 85/91/107 
f 87/91/109 65/93/87 61/92/83 
f 61/92/83 85/91/107 87/91/109 
f 88/94/110 67/73/89 65/75/87 
f 65/75/87 87/95/109 88/94/110 
f 89/94/111 69/76/91 67/73/89 
f 67/73/89 88/94/110 89/94/111 
f 90/96/112 71/78/93 69/76/91 
f 69/76/91 89/94/111 90/96/112 
f 91/97/113 73/98/95 71/98/93 
f 71/98/93 90/97/112 91/97/113 
f 92/97/114 75/98/115 73/98/95 
f 73/98/95 91/97/113 92/97/114 
f 93/97/116 77/99/99 75/98/115 
f 75/98/115 92/97/114 93/97/116 
f 94/100/117 79/87/101 77/89/99 
f 77/89/99 93/100/116 94/100/117 
f 95/100/118 81/90/103 79/87/101 
f 79/87/101 94/100/117 95/100/118 
f 96/100/119 83/90/120 81/90/103 
f 81/90/103 95/100/118 96/100/119 
f 86/91/108 64/92/86 83/92/120 
f 83/92/120 96/101/119 86/91/108 
f 97/102/121 85/91/107 86/91/108 
f 86/91/108 98/102/122 97/102/121 
f 99/102/123 87/91/109 85/91/107 
f 85/91/107 97/102/121 99/102/123 
f 100/103/124 88/94/110 87/95/109 
f 87/95/109 99/104/123 100/103/124 
f 101/103/125 89/94/111 88/94/110 
f 88/94/110 100/103/124 101/103/125 
f 102/103/126 90/96/112 89/94/111 
f 89/94/111 101/103/125 102/103/126 
f 103/105/127 91/97/113 90/97/112 
f 90/97/112 102/106/126 103/105/127 
f 104/106/128 92/97/114 91/97/113 
f 91/97/113 103/105/127 104/106/128 
f 105/107/129 93/97/116 92/97/114 
f 92/97/114 104/106/128 105/107/129 
f 106/108/130 94/100/117 93/100/116 
f 93/100/116 105/108/129 106/108/130 
f 107/109/131 95/100/118 94/100/117 
f 94/100/117 106/108/130 107/109/131 
f 108/109/132 96/100/119 95/100/118 
f 95/100/118 107/109/131 108/109/132 
f 98/102/122 86/91/108 96/101/119 
f 96/101/119 108/102/132 98/102/122 
f 109/110/133 97/111/134 98/111/135 
f 98/111/135 110/110/136 109/110/133 
f 111/112/137 99/113/123 97/114/134 
f 97/114/134 109/112/133 111/112/137 
f 112/115/138 100/103/124 99/104/123 
f 99/104/123 111/116/137 112/115/138 
f 113/115/139 101/103/125 100/103/124 
f 100/103/124 112/115/138 113/115/139 
f 114/115/140 102/103/141 101/103/125 
f 101/103/125 113/115/139 114/115/140 
f 115/117/142 103/118/143 102/118/141 
f 102/118/141 114/117/140 115/117/142 
f 116/117/144 104/118/145 103/118/143 
f 103/118/143 115/117/142 116/117/144 
f 117/119/146 105/120/129 104/120/145 
f 104/120/145 116/119/144 117/119/146 
f 118/121/147 106/108/130 105/108/129 
f 105/108/129 117/121/146 118/121/147 
f 119/121/148 107/109/131 106/108/130 
f 106/108/130 118/121/147 119/121/148 
f 120/122/149 108/109/132 107/109/131 
f 107/109/131 119/121/148 120/122/149 
f 110/110/136 98/111/135 108/111/132 
f 108/111/132 120/110/149 110/110/136 
f 121/123/150 109/124/151 110/124/152 
f 110/124/152 122/123/153 121/123/150 
f 123/125/154 111/124/137 109/124/151 
f 109/124/151 121/123/150 123/125/154 
f 124/126/155 112/115/138 111/116/137 
f 111/116/137 123/127/154 124/126/155 
f 125/126/156 113/115/139 112/115/138 
f 112/115/138 124/126/155 125/126/156 
f 126/126/157 114/115/158 113/115/139 
f 113/115/139 125/126/156 126/126/157 
f 127/128/159 115/129/160 114/129/158 
f 114/129/158 126/128/157 127/128/159 
f 128/130/161 116/131/162 115/129/160 
f 115/129/160 127/128/159 128/130/161 
f 129/132/163 117/133/146 116/134/162 
f 116/134/162 128/132/161 129/132/163 
f 130/135/164 118/121/147 117/121/146 
f 117/121/146 129/136/163 130/135/164 
f 131/137/165 119/121/148 118/121/147 
f 118/121/147 130/135/164 131/137/165 
f 132/137/166 120/122/167 119/121/148 
f 119/121/148 131/137/165 132/137/166 
f 122/123/153 110/124/152 120/138/167 
f 120/138/167 132/123/166 122/123/153 
f 62/139/84 121/140/150 122/141/168 
f 122/141/168 63/139/85 62/139/84 
f 66/142/88 123/140/154 121/140/150 
f 121/140/150 62/139/84 66/142/88 
f 68/74/90 124/126/155 123/127/154 
f 123/127/154 66/74/88 68/74/90 
f 70/77/92 125/126/156 124/126/155 
f 124/126/155 68/74/90 70/77/92 
f 72/77/94 126/126/157 125/126/156 
f 125/126/156 70/77/92 72/77/94 
f 74/143/96 127/144/159 126/144/157 
f 126/144/157 72/145/94 74/143/96 
f 76/143/98 128/146/169 127/144/159 
f 127/144/159 74/143/96 76/143/98 
f 78/143/100 129/146/163 128/146/169 
f 128/146/169 76/143/98 78/143/100 
f 80/88/102 130/135/164 129/136/163 
f 129/136/163 78/88/100 80/88/102 
f 82/88/104 131/137/165 130/135/164 
f 130/135/164 80/88/102 82/88/104 
f 84/88/106 132/137/170 131/137/165 
f 131/137/165 82/88/104 84/88/106 
f 63/139/85 122/141/168 132/147/170 
f 132/147/170 84/139/106 63/139/85 
f 133/148/171 134/149/172 135/150/173 
f 135/150/173 136/148/174 133/148/171 
f 137/151/175 138/152/176 134/149/172 
f 134/149/172 133/148/171 137/151/175 
f 139/153/177 140/154/178 138/155/176 
f 138/155/176 137/156/175 139/153/177 
f 141/157/179 142/158/180 140/154/178 
f 140/154/178 139/153/177 141/157/179 
f 143/157/181 144/159/182 142/158/180 
f 142/160/180 141/161/179 143/161/181 
f 145/162/183 146/163/184 144/163/182 
f 144/163/182 143/161/181 145/162/183 
f 147/164/185 148/165/186 146/165/184 
f 146/165/184 145/164/183 147/164/185 
f 149/166/187 150/167/188 148/165/186 
f 148/165/186 147/164/185 149/166/187 
f 151/168/189 152/169/190 150/170/188 
f 150/170/188 149/168/187 151/168/189 
f 153/171/191 154/172/192 152/169/190 
f 152/169/190 151/168/189 153/171/191 
f 155/173/193 156/174/194 154/172/192 
f 154/175/192 153/176/191 155/176/193 
f 136/148/174 135/150/173 156/150/194 
f 156/150/194 155/177/193 136/148/174 
f 157/178/195 133/179/196 136/179/197 
f 136/179/197 158/180/198 157/178/195 
f 159/181/199 137/182/175 133/183/196 
f 133/156/196 157/184/195 159/185/199 
f 160/185/200 139/153/177 137/156/175 
f 137/156/175 159/185/199 160/185/200 
f 161/186/201 141/157/179 139/153/177 
f 139/153/177 160/185/200 161/186/201 
f 162/187/202 143/188/203 141/189/179 
f 141/190/179 161/191/201 162/192/202 
f 163/193/204 145/194/205 143/194/203 
f 143/194/203 162/193/202 163/193/204 
f 164/195/206 147/196/207 145/194/205 
f 145/194/205 163/193/204 164/195/206 
f 165/197/208 149/198/187 147/199/207 
f 147/200/207 164/201/206 165/201/208 
f 166/202/209 151/168/189 149/168/187 
f 149/168/187 165/201/208 166/202/209 
f 167/202/210 153/171/191 151/168/189 
f 151/168/189 166/202/209 167/202/210 
f 168/203/211 155/204/212 153/205/191 
f 153/206/191 167/207/210 168/207/211 
f 158/180/198 136/179/197 155/208/212 
f 155/208/212 168/180/211 158/180/198 
f 169/209/213 157/210/195 158/210/214 
f 158/210/214 170/209/215 169/209/213 
f 171/211/216 159/185/199 157/184/195 
f 157/210/195 169/209/213 171/212/216 
f 172/213/217 160/185/200 159/185/199 
f 159/185/199 171/211/216 172/213/217 
f 173/214/218 161/186/201 160/185/200 
f 160/185/200 172/213/217 173/214/218 
f 174/215/219 162/216/220 161/217/201 
f 161/186/201 173/214/218 174/218/219 
f 175/219/221 163/220/222 162/216/220 
f 162/216/220 174/215/219 175/219/221 
f 176/221/223 164/222/206 163/220/222 
f 163/220/222 175/219/221 176/221/223 
f 177/223/224 165/201/208 164/201/206 
f 164/222/206 176/221/223 177/224/224 
f 178/225/225 166/202/209 165/201/208 
f 165/201/208 177/223/224 178/225/225 
f 179/226/226 167/202/210 166/202/209 
f 166/202/209 178/225/225 179/226/226 
f 180/227/227 168/228/228 167/228/210 
f 167/202/210 179/226/226 180/229/227 
f 170/209/215 158/210/214 168/228/228 
f 168/228/228 180/227/227 170/209/215 
f 181/230/229 169/231/230 170/232/231 
f 170/232/231 182/233/232 181/230/229 
f 183/234/233 171/211/216 169/235/230 
f 169/231/230 181/230/229 183/236/233 
f 184/237/234 172/213/217 171/211/216 
f 171/211/216 183/234/233 184/237/234 
f 185/238/235 173/214/218 172/213/217 
f 172/213/217 184/237/234 185/238/235 
f 186/239/236 174/240/237 173/241/218 
f 173/214/218 185/238/235 186/242/236 
f 187/243/238 175/244/239 174/240/237 
f 174/240/237 186/239/236 187/243/238 
f 188/245/240 176/246/241 175/247/239 
f 175/244/239 187/243/238 188/248/240 
f 189/249/242 177/223/224 176/250/241 
f 176/246/241 188/245/240 189/251/242 
f 190/252/243 178/225/225 177/223/224 
f 177/223/224 189/249/242 190/252/243 
f 191/253/244 179/226/226 178/225/225 
f 178/225/225 190/252/243 191/253/244 
f 192/254/245 180/255/246 179/256/226 
f 179/226/226 191/253/244 192/257/245 
f 182/233/232 170/232/231 180/258/246 
f 180/255/246 192/254/245 182/259/232 
f 193/260/247 181/261/229 182/262/248 
f 182/262/248 194/263/249 193/260/247 
f 195/264/250 183/234/233 181/265/229 
f 181/265/229 193/266/247 195/264/250 
f 196/267/251 184/237/234 183/234/233 
f 183/234/233 195/264/250 196/267/251 
f 197/267/252 185/238/235 184/237/234 
f 184/237/234 196/267/251 197/267/252 
f 198/268/253 186/269/254 185/270/235 
f 185/270/235 197/268/252 198/268/253 
f 199/271/255 187/272/256 186/269/254 
f 186/269/254 198/268/253 199/271/255 
f 200/271/257 188/273/240 187/272/256 
f 187/272/256 199/271/255 200/271/257 
f 201/274/258 189/249/242 188/275/240 
f 188/275/240 200/276/257 201/274/258 
f 202/277/259 190/252/243 189/249/242 
f 189/249/242 201/274/258 202/277/259 
f 203/277/260 191/253/244 190/252/243 
f 190/252/243 202/277/259 203/277/260 
f 204/263/261 192/278/262 191/279/244 
f 191/279/244 203/280/260 204/263/261 
f 194/263/249 182/262/248 192/278/262 
f 192/278/262 204/263/261 194/263/249 
f 205/281/263 193/282/247 194/282/264 
f 194/282/264 206/283/265 205/281/263 
f 207/284/266 195/264/250 193/266/247 
f 193/266/247 205/285/263 207/284/266 
f 208/284/267 196/267/251 195/264/250 
f 195/264/250 207/284/266 208/284/267 
f 209/286/268 197/267/269 196/267/251 
f 196/267/251 208/284/267 209/286/268 
f 210/287/270 198/288/271 197/288/269 
f 197/288/269 209/289/268 210/287/270 
f 211/287/272 199/290/273 198/288/271 
f 198/288/271 210/287/270 211/287/272 
f 212/291/274 200/292/257 199/290/273 
f 199/290/273 211/287/272 212/291/274 
f 213/293/275 201/274/258 200/276/257 
f 200/276/257 212/293/274 213/293/275 
f 214/294/276 202/277/259 201/274/258 
f 201/274/258 213/293/275 214/294/276 
f 215/295/277 203/277/278 202/277/259 
f 202/277/259 214/294/276 215/295/277 
f 216/296/279 204/297/280 203/297/278 
f 203/297/278 215/296/277 216/296/279 
f 206/283/265 194/282/264 204/297/280 
f 204/297/280 216/296/279 206/283/265 
f 217/298/281 205/299/263 206/300/282 
f 206/300/282 218/301/283 217/298/281 
f 219/302/284 207/284/266 205/285/263 
f 205/285/263 217/302/281 219/302/284 
f 220/303/285 208/284/267 207/284/266 
f 207/284/266 219/302/284 220/303/285 
f 221/303/286 209/286/268 208/284/267 
f 208/284/267 220/303/285 221/303/286 
f 222/304/287 210/305/288 209/306/268 
f 209/306/268 221/307/286 222/304/287 
f 223/308/289 211/287/290 210/287/288 
f 210/287/288 222/309/287 223/308/289 
f 224/310/291 212/311/274 211/311/290 
f 211/311/290 223/312/289 224/310/291 
f 225/313/292 213/293/275 212/293/274 
f 212/293/274 224/314/291 225/313/292 
f 226/313/293 214/294/276 213/293/275 
f 213/293/275 225/313/292 226/313/293 
f 227/315/294 215/295/277 214/294/276 
f 214/294/276 226/313/293 227/315/294 
f 228/316/295 216/317/296 215/318/277 
f 215/318/277 227/316/294 228/316/295 
f 218/319/283 206/283/282 216/296/296 
f 216/296/296 228/319/295 218/319/283 
f 229/320/297 217/321/298 218/319/299 
f 218/319/299 230/322/300 229/320/297 
f 231/323/301 219/302/284 217/302/298 
f 217/302/298 229/324/297 231/323/301 
f 232/325/302 220/303/285 219/302/284 
f 219/302/284 231/323/301 232/325/302 
f 233/326/303 221/303/286 220/303/285 
f 220/303/285 232/325/302 233/326/303 
f 234/327/304 222/309/287 221/309/286 
f 221/309/286 233/328/303 234/327/304 
f 235/329/305 223/308/306 222/309/287 
f 222/309/287 234/327/304 235/329/305 
f 236/330/307 224/308/308 223/308/306 
f 223/308/306 235/329/305 236/330/307 
f 237/331/309 225/313/292 224/314/308 
f 224/314/308 236/332/307 237/331/309 
f 238/333/310 226/313/293 225/313/292 
f 225/313/292 237/331/309 238/333/310 
f 239/334/311 227/315/294 226/313/293 
f 226/313/293 238/333/310 239/334/311 
f 240/335/312 228/319/295 227/336/294 
f 227/336/294 239/337/311 240/335/312 
f 230/322/300 218/319/299 228/319/295 
f 228/319/295 240/335/312 230/322/300 
f 241/338/313 229/339/314 230/340/315 
f 230/340/315 242/338/316 241/338/313 
f 243/341/317 231/342/318 229/339/319 
f 229/343/319 241/344/320 243/345/317 
f 244/346/321 232/325/302 231/323/301 
f 231/323/301 243/347/322 244/346/321 
f 245/348/323 233/326/303 232/325/302 
f 232/325/302 244/346/321 245/348/323 
f 246/349/324 234/350/325 233/351/325 
f 233/352/325 245/353/326 246/354/324 
f 247/354/327 235/355/328 234/356/329 
f 234/356/329 246/354/330 247/354/327 
f 248/357/331 236/358/332 235/359/333 
f 235/359/333 247/357/334 248/357/331 
f 249/360/335 237/361/336 236/358/337 
f 236/362/337 248/363/338 249/364/335 
f 250/365/339 238/333/310 237/331/309 
f 237/331/309 249/366/340 250/365/339 
f 251/367/341 239/334/311 238/333/310 
f 238/333/310 250/365/339 251/367/341 
f 252/368/342 240/369/343 239/370/344 
f 239/371/344 251/372/345 252/373/342 
f 242/338/346 230/340/347 240/340/348 
f 240/340/348 252/374/349 242/338/346 
f 253/375/350 241/376/351 242/377/352 
f 242/377/352 254/378/353 253/375/350 
f 255/379/354 243/380/355 241/376/356 
f 241/376/356 253/375/357 255/379/354 
f 256/381/358 244/346/321 243/347/322 
f 243/347/322 255/382/359 256/381/358 
f 257/383/360 245/348/323 244/346/321 
f 244/346/321 256/381/358 257/383/360 
f 258/384/361 246/385/362 245/348/363 
f 245/348/363 257/383/360 258/384/361 
f 259/386/364 247/387/365 246/388/366 
f 246/388/366 258/389/367 259/386/364 
f 260/386/368 248/387/369 247/387/370 
f 247/387/370 259/386/368 260/386/368 
f 261/390/371 249/391/372 248/392/373 
f 248/392/373 260/393/374 261/390/371 
f 262/394/375 250/365/339 249/366/340 
f 249/366/340 261/395/376 262/394/375 
f 263/396/377 251/367/341 250/365/339 
f 250/365/339 262/394/375 263/396/377 
f 264/397/378 252/398/379 251/367/380 
f 251/367/380 263/396/377 264/397/378 
f 254/378/381 242/377/382 252/377/383 
f 252/377/383 264/399/384 254/378/381 
f 265/400/385 253/401/386 254/402/387 
f 254/402/387 266/400/388 265/400/385 
f 267/403/389 255/404/390 253/401/386 
f 253/401/386 265/400/385 267/403/389 
f 268/405/391 256/381/358 255/382/390 
f 255/382/390 267/406/389 268/405/391 
f 269/405/392 257/383/360 256/381/358 
f 256/381/358 268/405/391 269/405/392 
f 270/407/393 258/384/367 257/383/360 
f 257/383/360 269/405/392 270/407/393 
f 271/408/394 259/409/395 258/410/367 
f 258/410/367 270/411/393 271/408/394 
f 272/412/396 260/413/397 259/409/395 
f 259/409/395 271/408/394 272/412/396 
f 273/414/398 261/415/399 260/413/397 
f 260/413/397 272/412/396 273/414/398 
f 274/416/400 262/394/375 261/395/399 
f 261/395/399 273/417/398 274/416/400 
f 275/418/401 263/396/377 262/394/375 
f 262/394/375 274/416/400 275/418/401 
f 276/419/402 264/397/384 263/396/377 
f 263/396/377 275/418/401 276/419/402 
f 266/400/388 254/402/387 264/420/384 
f 264/420/384 276/421/402 266/400/388 
f 277/422/403 265/423/404 266/424/405 
f 266/424/405 278/422/406 277/422/403 
f 279/425/407 267/423/408 265/423/404 
f 265/423/404 277/422/403 279/425/407 
f 280/426/409 268/405/391 267/406/408 
f 267/406/408 279/427/407 280/426/409 
f 281/428/410 269/405/392 268/405/391 
f 268/405/391 280/426/409 281/428/410 
f 282/429/411 270/407/393 269/405/392 
f 269/405/392 281/428/410 282/429/411 
f 283/430/412 271/431/413 270/432/393 
f 270/432/393 282/433/411 283/430/412 
f 284/434/414 272/431/415 271/431/413 
f 271/431/413 283/430/412 284/434/414 
f 285/435/416 273/436/417 272/431/415 
f 272/431/415 284/434/414 285/435/416 
f 286/437/418 274/416/400 273/417/417 
f 273/417/417 285/438/416 286/437/418 
f 287/439/419 275/418/401 274/416/400 
f 274/416/400 286/437/418 287/439/419 
f 288/440/420 276/419/402 275/418/401 
f 275/418/401 287/439/419 288/440/420 
f 278/422/406 266/424/405 276/441/402 
f 276/441/402 288/442/420 278/422/406 
f 289/443/421 277/444/422 278/445/423 
f 278/445/423 290/443/424 289/443/421 
f 291/446/425 279/447/426 277/444/422 
f 277/444/422 289/443/421 291/446/425 
f 292/448/427 280/426/409 279/427/426 
f 279/427/426 291/449/425 292/448/427 
f 293/448/428 281/428/410 280/426/409 
f 280/426/409 292/448/427 293/448/428 
f 294/448/429 282/429/411 281/428/410 
f 281/428/410 293/448/428 294/448/429 
f 295/450/430 283/451/431 282/452/411 
f 282/452/411 294/453/429 295/450/430 
f 296/450/432 284/451/433 283/451/431 
f 283/451/431 295/450/430 296/450/432 
f 297/454/434 285/455/435 284/451/433 
f 284/451/433 296/450/432 297/454/434 
f 298/456/436 286/437/418 285/438/435 
f 285/438/435 297/456/434 298/456/436 
f 299/457/437 287/439/419 286/437/418 
f 286/437/418 298/456/436 299/457/437 
f 300/458/438 288/440/420 287/439/419 
f 287/439/419 299/457/437 300/458/438 
f 290/443/424 278/445/423 288/459/420 
f 288/459/420 300/460/438 290/443/424 
f 301/461/439 289/443/421 290/443/424 
f 290/443/424 302/462/440 301/461/439 
f 303/463/441 291/464/425 289/465/421 
f 289/465/421 301/466/439 303/463/441 
f 304/467/442 292/448/427 291/449/425 
f 291/449/425 303/468/441 304/467/442 
f 305/469/443 293/448/428 292/448/427 
f 292/448/427 304/467/442 305/469/443 
f 306/470/444 294/448/429 293/448/428 
f 293/448/428 305/469/443 306/470/444 
f 307/471/445 295/472/430 294/473/429 
f 294/473/429 306/474/444 307/471/445 
f 308/475/446 296/450/432 295/450/430 
f 295/450/430 307/476/445 308/475/446 
f 309/477/447 297/478/434 296/478/432 
f 296/478/432 308/477/446 309/477/447 
f 310/479/448 298/456/436 297/456/434 
f 297/456/434 309/480/447 310/479/448 
f 311/481/449 299/457/437 298/456/436 
f 298/456/436 310/479/448 311/481/449 
f 312/482/450 300/458/438 299/457/437 
f 299/457/437 311/481/449 312/482/450 
f 302/483/440 290/484/424 300/485/438 
f 300/485/438 312/486/450 302/483/440 
f 134/487/451 301/488/452 302/488/453 
f 302/488/453 135/489/454 134/487/451 
f 138/490/455 303/491/456 301/488/457 
f 301/488/457 134/487/455 138/490/455 
f 140/154/178 304/467/442 303/468/458 
f 303/468/458 138/155/176 140/154/178 
f 142/158/180 305/469/443 304/467/442 
f 304/467/442 140/154/178 142/158/180 
f 144/159/459 306/470/460 305/469/461 
f 305/469/461 142/158/180 144/159/459 
f 146/492/462 307/493/463 306/494/464 
f 306/494/464 144/495/465 146/492/462 
f 148/492/466 308/496/467 307/493/468 
f 307/493/468 146/492/469 148/492/466 
f 150/497/470 309/498/471 308/496/472 
f 308/496/472 148/492/473 150/497/470 
f 152/169/190 310/479/448 309/480/474 
f 309/480/474 150/170/188 152/169/190 
f 154/172/192 311/481/449 310/479/448 
f 310/479/448 152/169/190 154/172/192 
f 156/174/475 312/482/476 311/481/477 
f 311/481/477 154/172/192 156/174/475 
f 135/489/478 302/488/479 312/499/480 
f 312/499/480 156/500/481 135/489/478 
f 313/501/482 314/502/483 315/502/484 
f 315/502/484 316/503/485 313/501/482 
f 317/504/486 318/505/487 314/505/483 
f 314/505/483 313/506/482 317/504/486 
f 319/504/488 320/505/489 318/505/487 
f 318/505/487 317/504/486 319/504/488 
f 321/507/490 322/505/491 320/505/489 
f 320/505/489 319/504/488 321/507/490 
f 323/508/492 324/509/493 322/509/491 
f 322/510/491 321/511/490 323/512/492 
f 325/508/494 326/509/495 324/509/493 
f 324/509/493 323/508/492 325/508/494 
f 327/508/496 328/509/497 326/509/495 
f 326/509/495 325/508/494 327/508/496 
f 329/513/498 330/514/499 328/514/497 
f 328/514/497 327/513/496 329/513/498 
f 331/513/500 332/514/501 330/514/499 
f 330/514/499 329/513/498 331/513/500 
f 333/515/502 334/514/503 332/514/501 
f 332/514/501 331/513/500 333/515/502 
f 335/501/504 336/502/505 334/502/503 
f 334/516/503 333/517/502 335/518/504 
f 316/503/485 315/502/484 336/502/505 
f 336/502/505 335/501/504 316/503/485 
f 337/519/506 313/520/507 316/520/508 
f 316/520/508 338/519/509 337/519/506 
f 339/519/510 317/520/486 313/520/507 
f 313/520/507 337/519/506 339/519/510 
f 340/521/511 319/504/488 317/504/486 
f 317/504/486 339/521/510 340/521/511 
f 341/521/512 321/507/490 319/504/488 
f 319/504/488 340/521/511 341/521/512 
f 342/522/513 323/507/514 321/507/490 
f 321/507/490 341/521/512 342/522/513 
f 343/523/515 325/524/516 323/524/514 
f 323/524/514 342/523/513 343/523/515 
f 344/523/517 327/525/518 325/524/516 
f 325/524/516 343/523/515 344/523/517 
f 345/526/519 329/527/498 327/528/518 
f 327/528/518 344/526/517 345/526/519 
f 346/529/520 331/513/500 329/513/498 
f 329/513/498 345/530/519 346/529/520 
f 347/529/521 333/515/502 331/513/500 
f 331/513/500 346/529/520 347/529/521 
f 348/529/522 335/531/523 333/515/502 
f 333/515/502 347/529/521 348/529/522 
f 338/519/509 316/520/508 335/520/523 
f 335/520/523 348/519/522 338/519/509 
f 349/532/524 337/533/525 338/533/526 
f 338/533/526 350/532/527 349/532/524 
f 351/534/528 339/533/510 337/533/525 
f 337/533/525 349/532/524 351/534/528 
f 352/535/529 340/521/511 339/521/510 
f 339/521/510 351/535/528 352/535/529 
f 353/535/530 341/521/512 340/521/511 
f 340/521/511 352/535/529 353/535/530 
f 354/535/531 342/522/532 341/521/512 
f 341/521/512 353/535/530 354/535/531 
f 355/536/533 343/537/534 342/538/532 
f 342/538/532 354/536/531 355/536/533 
f 356/539/535 344/537/536 343/537/534 
f 343/537/534 355/536/533 356/539/535 
f 357/540/537 345/537/519 344/537/536 
f 344/537/536 356/539/535 357/540/537 
f 358/541/538 346/529/520 345/530/519 
f 345/530/519 357/541/537 358/541/538 
f 359/541/539 347/529/521 346/529/520 
f 346/529/520 358/541/538 359/541/539 
f 360/542/540 348/529/541 347/529/521 
f 347/529/521 359/541/539 360/542/540 
f 350/532/527 338/533/526 348/533/541 
f 348/533/541 360/532/540 350/532/527 
f 361/543/542 349/544/524 350/545/543 
f 350/545/543 362/543/544 361/543/542 
f 363/546/545 351/535/528 349/535/524 
f 349/535/524 361/546/542 363/546/545 
f 364/547/546 352/535/529 351/535/528 
f 351/535/528 363/546/545 364/547/546 
f 365/547/547 353/535/530 352/535/529 
f 352/535/529 364/547/546 365/547/547 
f 366/548/548 354/549/549 353/549/530 
f 353/549/530 365/548/547 366/548/548 
f 367/550/550 355/549/551 354/549/549 
f 354/549/549 366/548/548 367/550/550 
f 368/550/552 356/549/553 355/549/551 
f 355/549/551 367/550/550 368/550/552 
f 369/551/554 357/541/537 356/541/553 
f 356/541/553 368/551/552 369/551/554 
f 370/551/555 358/541/538 357/541/537 
f 357/541/537 369/551/554 370/551/555 
f 371/551/556 359/541/539 358/541/538 
f 358/541/538 370/551/555 371/551/556 
f 372/543/557 360/545/558 359/545/539 
f 359/545/539 371/543/556 372/543/557 
f 362/543/544 350/545/543 360/545/558 
f 360/545/558 372/543/557 362/543/544 
f 373/552/559 361/543/542 362/543/544 
f 362/543/544 374/552/560 373/552/559 
f 375/553/561 363/546/545 361/546/542 
f 361/546/542 373/553/559 375/553/561 
f 376/554/562 364/547/546 363/546/545 
f 363/546/545 375/553/561 376/554/562 
f 377/554/563 365/547/547 364/547/546 
f 364/547/546 376/554/562 377/554/563 
f 378/555/564 366/556/548 365/556/547 
f 365/556/547 377/555/563 378/555/564 
f 379/557/565 367/550/550 366/548/548 
f 366/548/548 378/557/564 379/557/565 
f 380/557/566 368/550/552 367/550/550 
f 367/550/550 379/557/565 380/557/566 
f 381/558/567 369/551/554 368/551/552 
f 368/551/552 380/559/566 381/558/567 
f 382/558/568 370/551/555 369/551/554 
f 369/551/554 381/558/567 382/558/568 
f 383/560/569 371/551/556 370/551/555 
f 370/551/555 382/558/568 383/560/569 
f 384/561/570 372/562/557 371/562/556 
f 371/562/556 383/561/569 384/561/570 
f 374/552/560 362/543/544 372/543/557 
f 372/543/557 384/552/570 374/552/560 
f 314/563/571 373/564/572 374/564/573 
f 374/564/573 315/565/574 314/563/571 
f 318/563/487 375/564/561 373/564/572 
f 373/564/572 314/563/571 318/563/487 
f 320/505/489 376/554/562 375/553/561 
f 375/553/561 318/505/487 320/505/489 
f 322/505/491 377/554/563 376/554/562 
f 376/554/562 320/505/489 322/505/491 
f 324/505/575 378/566/576 377/554/563 
f 377/554/563 322/505/491 324/505/575 
f 326/567/577 379/568/578 378/568/576 
f 378/568/576 324/567/575 326/567/577 
f 328/569/579 380/570/580 379/568/578 
f 379/568/578 326/567/577 328/569/579 
f 330/571/499 381/570/567 380/570/580 
f 380/570/580 328/569/579 330/571/499 
f 332/514/501 382/558/568 381/558/567 
f 381/558/567 330/514/499 332/514/501 
f 334/514/503 383/560/569 382/558/568 
f 382/558/568 332/514/501 334/514/503 
f 336/572/581 384/560/582 383/560/569 
f 383/560/569 334/514/503 336/572/581 
f 315/565/574 374/564/573 384/564/582 
f 384/564/582 336/565/581 315/565/574 
# 768 faces

