# 3ds Max Wavefront OBJ Exporter v0.97b - (c)2007 guruware
# File Created: 26.07.2012 00:01:06


#
# object Obj_000040
#

v  -0.3645 3.6197 3.9060
v  -1.1018 3.6197 3.2455
v  -0.4029 3.6197 3.2071
v  -1.0634 3.6197 3.9444
v  -0.3042 3.6197 5.0042
v  -1.0415 3.6197 4.3437
v  -0.3426 3.6197 4.3053
v  -1.0031 3.6197 5.0426
v  -4.2325 3.6197 1.4046
v  0.3958 3.6197 3.1632
v  -1.9005 3.6197 3.2894
v  -4.0072 3.6197 7.0495
v  -1.8621 3.6197 3.9882
v  -1.8402 3.6197 4.3876
v  0.4561 3.6197 4.2615
v  -1.8018 3.6197 5.0865
v  2.7165 3.6197 7.6378
v  -2.4654 3.6197 7.1844
v  3.0681 3.6197 0.9977
v  0.4342 3.6197 3.8621
v  0.4945 3.6197 4.9603
v  -4.1011 3.7197 -8.0971
v  3.3377 3.7197 -4.0947
v  3.5968 3.7197 -8.9874
v  -3.8955 3.7197 -6.4098
v  -4.5415 3.7197 -6.3386
v  -4.4378 3.7197 -3.7409
v  -4.4378 3.0697 -3.7409
v  3.3377 3.0697 -4.0947
v  -1.8662 0.5700 -8.3556
v  -1.8892 2.6198 -8.5542
v  -1.8892 0.5700 -8.5542
v  -1.8662 2.6198 -8.3556
v  0.9150 2.6198 -8.6772
v  0.8920 2.6198 -8.8759
v  0.9150 0.5700 -8.6772
v  0.8920 0.5700 -8.8759
v  0.4342 4.2196 3.8621
v  0.3958 4.2196 3.1632
v  -0.4029 4.2196 3.2071
v  -4.5415 0.5700 -6.3386
v  -3.8955 0.5700 -6.4098
v  -4.1011 0.5700 -8.0971
v  2.7165 0.5700 7.6378
v  3.5968 0.5700 -8.9874
v  3.1025 3.0197 0.3487
v  3.0681 3.0197 0.9977
v  3.3060 3.0697 -3.4956
v  3.1025 3.7197 0.3487
v  3.3060 3.7197 -3.4956
v  -4.4139 3.0697 -3.1414
v  0.4945 4.2196 4.9603
v  0.4561 4.2196 4.2615
v  -4.0072 0.5700 7.0495
v  -2.4654 0.5700 7.1844
v  -0.0927 0.5700 7.6229
v  0.0568 2.9697 7.6359
v  -0.0927 2.9697 7.6229
v  0.0568 0.5700 7.6359
v  -1.8018 4.2196 5.0865
v  -1.0031 4.2196 5.0426
v  -1.8402 4.2196 4.3876
v  -1.0415 4.2196 4.3437
v  1.9345 0.5700 7.9709
v  1.9694 2.9697 7.5724
v  1.9694 0.5700 7.5724
v  1.9345 2.9697 7.9709
v  0.0021 2.9697 7.4003
v  -1.9315 2.9697 7.6326
v  -1.8966 2.9697 7.2342
v  -0.0752 2.9697 7.4237
v  -0.0328 2.9697 7.7987
v  0.0742 2.9697 7.4367
v  -1.8966 0.5700 7.2342
v  -1.9315 0.5700 7.6326
v  -2.5003 4.2196 7.5829
v  -2.5003 0.5700 7.5829
v  2.6816 4.2196 8.0362
v  2.6816 0.5700 8.0362
v  0.0742 0.5700 7.4367
v  -1.8621 4.2196 3.9882
v  -1.9005 4.2196 3.2894
v  -4.2325 4.2196 1.4046
v  -4.5415 4.2196 -6.3386
v  -4.2584 4.2196 0.7551
v  -1.1018 4.2196 3.2455
v  -0.0752 0.5700 7.4237
v  -4.2584 3.0197 0.7551
v  -4.2325 3.0197 1.4046
v  -4.2584 3.7197 0.7551
v  -4.2325 3.7197 1.4046
v  -4.4139 3.7197 -3.1414
v  -1.0634 4.2196 3.9444
v  -0.3042 4.2196 5.0042
v  -0.3426 4.2196 4.3053
v  -4.0072 4.2196 7.0495
v  -2.4654 4.2196 7.1844
v  -4.1011 4.2196 -8.0971
v  2.7165 4.2196 7.6378
v  3.5968 4.2196 -8.9874
v  -3.8955 4.2196 -6.4098
v  -0.3645 4.2196 3.9060
v  -2.6120 3.0197 1.3143
v  3.0681 3.7197 0.9977
v  1.3991 3.0197 -3.4081
v  1.3523 3.0197 -4.0043
v  -1.2139 2.6698 -3.2882
v  3.4157 3.5697 -5.5665
v  3.3377 3.0197 -4.0947
v  1.2431 3.5697 -5.3926
v  1.1332 2.6198 -6.7900
v  -1.6480 0.5700 -6.4683
v  -1.6480 2.6198 -6.4683
v  3.5968 3.5697 -8.9874
v  -1.4447 3.5697 -5.1773
v  0.0260 2.6198 -6.6619
v  -1.2414 2.6698 -3.8863
v  3.3060 3.0197 -3.4956
v  -3.4144 3.5697 -5.0196
v  -3.2392 2.6698 -3.7954
v  -4.4854 3.5697 -4.9338
v  -3.5897 3.2697 -6.2438
v  -4.5333 3.2697 -6.1347
v  -4.5333 0.5700 -6.1347
v  -3.5897 0.5700 -6.2438
v  -3.8080 3.2697 -8.1310
v  -3.8080 0.5700 -8.1310
v  -1.0817 3.5697 -2.4324
v  -3.2117 2.6698 -3.1966
v  -3.0784 3.5697 -2.3343
v  -0.8171 2.9697 -0.7209
v  -2.8118 2.9697 -0.6097
v  -4.3791 3.5697 -2.2703
v  -4.3095 2.9697 -0.5263
v  3.1709 2.6198 -0.9431
v  1.6166 2.6198 -0.5561
v  1.5999 2.6198 -0.8556
v  1.6265 2.6198 -0.5566
v  1.6822 2.6198 0.4417
v  1.7074 2.6198 1.0735
v  3.0681 2.6198 0.9977
v  1.6722 2.6198 0.4423
v  2.0229 2.0698 6.7349
v  2.9584 3.0197 3.0686
v  1.8221 3.0197 3.1319
v  2.7665 2.0698 6.6935
v  -4.4139 3.0197 -3.1414
v  -4.4370 3.0197 -3.7195
v  -4.2325 2.9697 1.4046
v  -3.3662 2.9697 1.3563
v  -4.1503 2.9697 3.4647
v  -3.2500 2.9697 3.4146
v  1.4660 3.5697 -2.5577
v  3.2610 3.5697 -2.6459
v  -3.2500 0.5700 3.4146
v  -3.3662 0.5700 1.3563
v  -2.7119 2.9697 -0.6153
v  -2.5074 2.9697 -0.6267
v  -2.3077 2.9697 -0.6378
v  -1.7136 2.9697 -0.6709
v  -2.1530 0.5700 5.7335
v  -2.1530 2.6198 5.7335
v  -2.9079 0.5700 4.1377
v  -4.0567 2.6198 5.8094
v  -2.0803 2.6198 6.5302
v  -4.0072 2.6198 7.0495
v  -2.1630 2.6198 5.7345
v  -1.9981 2.6198 7.2253
v  -2.0704 2.6198 6.5291
v  -1.2414 0.5700 -3.8863
v  -3.2392 0.5700 -3.7954
v  -3.2117 0.5700 -3.1966
v  -1.2139 0.5700 -3.2882
v  -3.8243 2.8448 -3.4580
v  1.1332 0.5700 -6.7900
v  2.7665 0.6700 6.6935
v  2.0229 0.6700 6.7349
v  -2.6791 3.0197 0.6679
v  1.6714 3.7197 0.4277
v  1.6714 3.0197 0.4277
v  -2.6791 3.7197 0.6679
v  1.5999 0.6700 -0.8556
v  0.0260 0.6700 -6.6619
v  -1.7136 0.6700 -0.6709
v  1.1332 0.6700 -6.7900
v  3.5968 0.6700 -8.9874
v  0.9149 0.6700 -8.6772
v  2.0223 0.6700 6.7191
v  3.0681 0.6700 0.9977
v  2.9872 0.6700 2.5258
v  0.9149 0.5700 -8.6772
v  1.5999 0.5700 -0.8556
v  1.6001 0.5700 -0.8521
v  1.6166 0.5700 -0.5561
v  1.6194 0.5700 -0.5062
v  1.6695 0.5700 0.3924
v  1.6723 0.5700 0.4423
v  1.7075 0.5700 1.0735
v  1.8223 0.5700 3.1319
v  2.0223 0.5700 6.7191
v  2.7665 0.5700 6.6935
v  2.9584 0.5700 3.0686
v  3.2610 0.5700 -2.6459
v  3.0681 0.5700 0.9977
v  2.9872 0.5700 2.5258
v  3.1709 0.5700 -0.9431
v  3.4157 0.5700 -5.5665
v  3.3060 0.5700 -3.4956
v  3.3377 0.5700 -4.0947
v  3.4949 0.5700 -7.0631
v  -1.2039 0.5700 -2.4264
v  -1.7136 0.5700 -0.6709
v  -1.1235 0.5700 -2.7032
v  -0.9501 0.5700 -3.3003
v  -0.7738 0.5700 -3.9076
v  -0.3803 0.5700 -5.2626
v  0.0260 0.5700 -6.6619
v  0.9150 0.6700 -8.6772
v  -2.8118 0.5700 -0.6097
v  -2.7015 0.5700 -0.5157
v  -2.7119 0.5700 -0.6153
v  -2.6791 0.5700 0.6679
v  -2.5797 0.5700 0.6576
v  -2.5792 0.5700 0.6624
v  1.6822 0.5700 0.4417
v  1.6794 0.5700 0.3918
v  1.6786 0.5700 2.3540
v  1.8062 0.5700 2.8477
v  1.7784 0.5700 2.3485
v  1.7064 0.5700 2.8532
v  1.8138 0.5700 2.9839
v  1.7140 0.5700 2.9895
v  1.7772 0.5700 4.1240
v  1.8847 0.5700 4.2547
v  1.8771 0.5700 4.1185
v  1.7848 0.5700 4.2603
v  1.9069 0.5700 4.6540
v  1.8071 0.5700 4.6596
v  1.8202 0.5700 4.8957
v  1.9479 0.5700 5.3893
v  1.9201 0.5700 4.8901
v  1.8480 0.5700 5.3948
v  1.9909 0.5700 6.1609
v  1.8910 0.5700 6.1665
v  1.7363 0.5700 3.3888
v  1.8492 0.5700 3.6193
v  1.8361 0.5700 3.3832
v  1.7494 0.5700 3.6249
v  1.9217 0.5700 6.7155
v  2.0229 0.5700 6.7349
v  2.0215 0.5700 6.7100
v  1.9230 0.5700 6.7405
v  2.0700 0.5700 7.5812
v  1.5724 0.5700 0.4478
v  1.7074 0.5700 1.0735
v  1.6722 0.5700 0.4423
v  1.6075 0.5700 1.0791
v  1.8221 0.5700 3.1319
v  1.7222 0.5700 3.1375
v  1.7074 3.6197 1.0735
v  1.7074 3.0197 1.0735
v  1.7074 3.7197 1.0735
v  1.5724 2.6198 0.4478
v  1.5167 2.6198 -0.5505
v  1.9694 3.6197 7.5724
v  1.6075 3.0197 1.0791
v  1.6075 3.6197 1.0791
v  1.5056 0.5700 -0.7502
v  1.5167 0.5700 -0.5505
v  1.5056 3.7197 -0.7502
v  1.5715 3.0197 0.4333
v  1.5715 3.7197 0.4333
v  -2.7015 3.7197 -0.5157
v  -2.5019 0.5700 -0.5269
v  -2.3022 0.5700 -0.5380
v  1.5596 2.5698 0.3985
v  1.5596 0.5700 0.3985
v  1.6794 2.5698 0.3918
v  1.5095 2.5698 -0.5000
v  1.6293 2.5698 -0.5067
v  1.5624 2.6198 0.4484
v  1.5624 0.5700 0.4484
v  1.5067 0.5700 -0.5500
v  1.5095 0.5700 -0.5000
v  1.5067 2.6198 -0.5500
v  -0.8171 3.7197 -0.7209
v  1.5000 3.7197 -0.8500
v  -1.7136 3.7197 -0.6709
v  -2.3077 3.7197 -0.6378
v  -2.5074 3.7197 -0.6267
v  -2.7119 3.7197 -0.6153
v  -2.5074 0.5700 -0.6267
v  -2.3077 0.5700 -0.6378
v  -2.8118 3.7197 -0.6097
v  1.5999 3.7197 -0.8556
v  1.6265 0.5700 -0.5566
v  2.0700 3.6197 7.5812
v  1.6293 0.5700 -0.5067
v  -1.7452 0.6200 -6.0874
v  -1.4624 0.6200 -5.5975
v  -1.8488 0.6200 -5.7010
v  -1.3589 0.6200 -5.9839
v  -1.4754 0.6200 -5.5492
v  -1.8617 0.6200 -5.6528
v  -1.4929 0.6200 -5.4837
v  -1.8793 0.6200 -5.5872
v  -1.5779 0.6200 -5.1667
v  -1.9642 0.6200 -5.2702
v  -1.5789 0.6200 -5.1629
v  -1.9652 0.6200 -5.2664
v  -1.5918 0.6200 -5.1146
v  -1.9782 0.6200 -5.2181
v  -1.6953 0.6200 -4.7283
v  -2.0817 0.6200 -4.8318
v  -1.7083 0.6200 -4.6800
v  -2.0946 0.6200 -4.7835
v  -1.8118 0.6200 -4.2937
v  -2.1981 0.6200 -4.3972
v  -1.8247 0.6200 -4.2454
v  -2.2111 0.6200 -4.3489
v  -1.8247 0.9699 -4.2454
v  -1.7323 0.9699 -6.1357
v  -2.2111 0.9699 -4.3489
v  -1.3460 0.9699 -6.0322
v  -1.7427 0.9299 -6.0970
v  -1.4637 0.9299 -5.5927
v  -1.8501 0.9299 -5.6962
v  -1.3563 0.9299 -5.9935
v  -1.4637 0.6600 -5.5927
v  -1.7427 0.6600 -6.0970
v  -1.8501 0.6600 -5.6962
v  -1.3563 0.6600 -5.9935
v  -1.8604 0.9299 -5.6576
v  -1.5802 0.9299 -5.1581
v  -1.9665 0.9299 -5.2616
v  -1.4741 0.9299 -5.5541
v  -1.5802 0.6600 -5.1581
v  -1.8604 0.6600 -5.6576
v  -1.9665 0.6600 -5.2616
v  -1.4741 0.6600 -5.5541
v  -1.9769 0.9299 -5.2230
v  -1.6966 0.9299 -4.7234
v  -2.0830 0.9299 -4.8270
v  -1.5905 0.9299 -5.1194
v  -1.6966 0.6600 -4.7234
v  -1.9769 0.6600 -5.2230
v  -2.0830 0.6600 -4.8270
v  -1.5905 0.6600 -5.1194
v  -1.8144 0.6600 -4.2840
v  -2.0933 0.6600 -4.7883
v  -2.2007 0.6600 -4.3875
v  -1.7070 0.6600 -4.6848
v  -2.0933 0.9299 -4.7883
v  -1.8144 0.9299 -4.2840
v  -2.2007 0.9299 -4.3875
v  -1.7070 0.9299 -4.6848
v  -1.3460 0.6200 -6.0322
v  -1.7323 0.6200 -6.1357
v  -4.5308 1.5423 -6.1097
v  -4.2218 0.5700 -4.2207
v  -4.4550 1.5423 -4.2114
v  -4.2510 0.5700 -4.9532
v  -4.2976 0.5700 -6.1191
v  -4.2830 0.5735 -6.1196
v  -4.5162 1.5458 -6.1103
v  -4.2365 0.5735 -4.9538
v  -4.2072 0.5735 -4.2213
v  -4.4405 1.5458 -4.2120
v  -1.8916 1.5423 -8.3360
v  -3.7520 0.5700 -7.8859
v  -3.7788 1.5423 -8.1177
v  -3.0238 0.5700 -7.9701
v  -1.8648 0.5700 -8.1041
v  -1.8631 0.5735 -8.0896
v  -1.8899 1.5458 -8.3215
v  -3.0222 0.5735 -7.9556
v  -3.7503 0.5735 -7.8714
v  -3.7772 1.5458 -8.1032
v  1.5079 2.5698 -0.5300
v  0.6093 0.5700 -0.4799
v  0.6093 2.5698 -0.4799
v  1.5079 0.5700 -0.5300
v  0.6110 0.5700 -0.4500
v  0.6110 2.5698 -0.4500
v  -2.2683 0.5700 4.6233
v  -2.1482 0.5700 4.8119
v  -2.1689 0.5700 4.6130
v  -2.2477 0.5700 4.8223
v  -2.2695 0.5700 3.6440
v  -2.4141 0.5700 3.2195
v  -2.3147 0.5700 3.2092
v  -2.3690 0.5700 3.6543
v  -2.2488 0.5700 3.8429
v  -2.3483 0.5700 3.8532
v  -2.3663 0.5700 2.7119
v  -2.4799 0.5700 2.5858
v  -2.3805 0.5700 2.5755
v  -2.4658 0.5700 2.7222
v  -2.0536 0.5700 5.7231
v  -2.0704 0.5700 6.5291
v  -1.9709 0.5700 6.5188
v  -1.9981 0.5700 7.2253
v  -2.2347 0.5700 3.9793
v  -2.3341 0.5700 3.9896
v  -2.1830 0.5700 4.4766
v  -2.2825 0.5700 4.4869
v  -2.5316 0.5700 2.0885
v  -2.4321 0.5700 2.0782
v  -1.9709 2.6198 6.5188
v  -2.0536 2.6198 5.7231
v  -2.6120 0.5700 1.3143
v  -2.5120 0.5700 1.3087
v  -2.0855 0.5700 6.4804
v  -1.9610 0.5700 6.5178
v  -1.9661 0.5700 6.4680
v  -2.0803 0.5700 6.5302
v  -2.0855 2.5698 6.4804
v  -1.9661 2.5698 6.4680
v  -2.0384 0.5700 5.7718
v  -2.0436 0.5700 5.7221
v  -2.1630 0.5700 5.7345
v  -2.1578 0.5700 5.7842
v  -2.0384 2.5698 5.7718
v  -2.1578 2.5698 5.7842
v  -1.9610 2.6198 6.5178
v  -2.0436 2.6198 5.7221
v  -2.7786 2.5698 6.5826
v  -2.0824 0.5700 6.5103
v  -2.0824 2.5698 6.5103
v  -2.7786 0.5700 6.5826
v  -2.7817 0.5700 6.5527
v  -2.7817 2.5698 6.5527
v  1.5715 3.0197 0.4332
v  1.5715 3.7197 0.4332
v  1.6075 3.7197 1.0791
v  -2.5792 3.7197 0.6624
v  -2.5125 3.6197 1.3039
v  -2.5792 3.0197 0.6624
v  -2.5125 3.7197 1.3039
v  -2.5120 3.6197 1.3087
v  -2.5120 3.0197 1.3087
v  1.3638 0.5700 -3.8577
v  2.0781 0.5700 -4.0374
v  2.1034 0.5700 -4.0385
v  1.9530 0.5700 -4.0317
v  -4.2325 0.5700 1.4046
v  -4.1503 0.5700 3.4647
v  -4.5324 0.5700 -6.1097
v  -4.2361 0.5700 -4.9538
v  -4.2826 0.5700 -6.1197
v  -4.4854 0.5700 -4.9338
v  -4.2068 0.5700 -4.2213
v  -4.4566 0.5700 -4.2114
v  1.5000 0.5700 -0.8500
v  1.2431 0.5700 -5.3926
v  3.2564 0.5700 -3.4933
v  3.1208 0.5700 -0.9403
v  3.2882 0.5700 -4.0924
v  -1.8966 3.6197 7.2342
v  -2.0531 2.6198 5.7279
v  -2.0531 0.5700 5.7279
v  -2.5125 0.5700 1.3039
# 462 vertices

vn 0.0000 -1.0000 -0.0000
vn 0.0000 1.0000 -0.0000
vn -0.0455 0.0000 -0.9990
vn -0.9934 -0.0000 0.1149
vn -0.9934 0.0000 0.1149
vn 0.9934 0.0000 -0.1149
vn -0.9985 0.0000 0.0549
vn 0.0549 0.0000 0.9985
vn -0.1149 -0.0000 -0.9934
vn -0.1149 0.0000 -0.9934
vn -0.1096 0.0000 -0.9940
vn -0.9927 0.0000 0.1210
vn 0.9986 -0.0000 0.0529
vn 0.9986 0.0000 0.0529
vn 0.0000 -1.0000 0.0000
vn -0.0872 0.0000 0.9962
vn -0.0549 0.0000 -0.9985
vn 0.9985 0.0000 -0.0549
vn -0.9962 0.0000 -0.0872
vn 0.9962 0.0000 0.0872
vn -0.0872 -0.0000 0.9962
vn 1.0000 0.0000 -0.0000
vn 0.0872 0.0000 -0.9962
vn -0.9992 0.0000 0.0399
vn 0.0458 0.0000 0.9989
vn -0.0000 1.0000 0.0000
vn 0.0556 0.0000 0.9985
vn -0.1323 0.9912 0.0104
vn 0.0160 0.9363 0.3507
vn 0.0293 0.9301 0.3662
vn -0.0448 0.8278 -0.5592
vn -0.4051 0.9131 0.0468
vn -0.3356 0.9418 -0.0178
vn -0.0676 0.8087 -0.5844
vn -0.1073 0.9214 0.3735
vn 0.0454 0.8229 0.5664
vn 0.0470 0.8080 0.5873
vn 0.0259 0.8220 0.5689
vn 0.0189 -0.9717 0.2354
vn 0.0279 -0.9701 0.2412
vn 0.1149 0.0000 0.9934
vn 0.0331 -0.6913 0.7218
vn 0.0353 -0.6941 0.7190
vn 0.0161 0.9444 0.3285
vn 0.0160 0.9451 0.3263
vn 0.0181 0.9457 0.3246
vn 0.3134 0.9489 -0.0362
vn -0.1903 -0.7762 0.6011
vn 0.0142 0.9671 0.2542
vn 0.0106 -0.9817 0.1902
vn 0.1618 0.6701 -0.7244
vn -0.0262 0.8458 -0.5329
vn -0.0329 -0.9109 -0.4112
vn -0.0268 0.8385 -0.5442
vn -0.0248 0.8403 -0.5415
vn -0.0266 0.8404 -0.5414
vn -0.1254 0.6933 -0.7097
vn 0.0239 0.8738 0.4858
vn 0.1531 0.9397 0.3057
vn 0.0240 0.8725 0.4880
vn 0.0271 0.8738 0.4855
vn -0.9984 0.0000 0.0564
vn 0.0182 0.9452 0.3260
vn 0.0182 0.9452 0.3259
vn -0.9040 -0.0000 0.4276
vn -0.9040 0.0000 0.4276
vn -0.0082 -0.9891 -0.1473
vn -0.0058 -0.9892 -0.1465
vn -0.2667 -0.7944 -0.5458
vn -0.2797 -0.9600 0.0128
vn 0.1149 0.0003 0.9934
vn -0.0556 0.0000 -0.9985
vn -0.9989 0.0000 0.0458
vn 0.2790 0.9602 -0.0111
vn -0.1334 0.9910 0.0061
vn -0.0551 0.0000 -0.9985
vn 0.9986 0.0001 0.0529
vn -0.9603 0.0000 -0.2789
vn -0.9603 -0.0000 -0.2789
vn 0.0343 -0.0219 0.9992
vn 0.0344 -0.0002 0.9994
vn 0.0344 0.0000 0.9994
vn 0.9986 -0.0001 0.0529
vn -0.1146 -0.0731 -0.9907
vn -0.1149 -0.0002 -0.9934
vn -0.9985 0.0000 0.0556
vn -0.9985 -0.0000 0.0556
vn -0.0556 -0.0000 -0.9985
vn -0.0557 -0.0000 -0.9984
vn -0.0557 0.0000 -0.9984
vn 0.0557 0.0000 0.9984
vn -0.0671 0.0001 -0.9977
vn -0.0614 0.0000 -0.9981
vn -0.9985 0.0000 0.0557
vn 0.0556 -0.0000 0.9985
vn -0.4466 -0.8944 0.0249
vn -0.9985 -0.0001 0.0556
vn 0.9985 0.0000 -0.0556
vn -0.2588 0.0000 0.9659
vn 0.2588 0.0000 -0.9659
vn 0.9659 0.0000 0.2588
vn 0.9659 -0.0000 0.2588
vn 0.9658 -0.0001 0.2592
vn 0.9660 0.0000 0.2587
vn 0.9659 -0.0005 0.2588
vn 0.9659 0.0003 0.2588
vn 0.9659 -0.0001 0.2588
vn -0.9659 -0.0000 -0.2588
vn -0.9659 0.0000 -0.2588
vn -0.9659 -0.0001 -0.2588
vn -0.9659 -0.0002 -0.2588
vn -0.9659 -0.0003 -0.2588
vn -0.9716 -0.2334 0.0388
vn -0.0399 -0.0000 -0.9992
vn 0.2333 -0.9724 -0.0093
vn 0.0399 -0.0000 0.9992
vn -0.2333 0.9724 0.0093
vn 0.9716 0.2334 -0.0388
vn -0.1117 -0.2334 -0.9659
vn 0.9934 -0.0000 -0.1149
vn 0.0268 -0.9724 0.2319
vn -0.0268 0.9724 -0.2319
vn 0.1117 0.2334 0.9659
vn 0.1033 0.0000 0.9947
vn 0.1033 0.0000 0.9946
vn -0.9946 0.0000 0.1033
vn -0.9947 -0.0000 0.1033
vn -0.9947 0.0000 0.1033
vn -0.1032 0.0000 -0.9947
vn 0.9946 0.0000 -0.1033
vn -0.1033 0.0000 -0.9946
vn -0.1033 0.0000 -0.9947
vn 0.1033 -0.0000 0.9946
vn 0.9947 -0.0000 -0.1033
vn 0.9946 -0.0000 -0.1033
vn 0.9947 0.0000 -0.1033
vn 0.9992 0.0000 -0.0399
vn 0.9992 -0.0000 -0.0399
vn -0.9992 -0.0000 0.0399
# 139 vertex normals

vt 0.3161 0.7233 0.0000
vt 0.2428 0.3289 0.0000
vt 0.2259 0.3286 0.0000
vt 0.2349 0.3288 0.0000
vt 0.3108 0.5899 0.0000
vt 0.3869 0.5921 0.0000
vt 0.3695 0.5916 0.0000
vt 0.1668 0.7539 0.0000
vt 0.2485 0.7059 0.0000
vt 0.2535 0.7606 0.0000
vt 0.1684 0.7349 0.0000
vt 0.1611 0.7343 0.0000
vt 0.1612 0.7052 0.0000
vt 0.1662 0.6837 0.0000
vt 0.2535 0.6764 0.0000
vt 0.2535 0.6837 0.0000
vt 0.1662 0.6764 0.0000
vt 0.6571 0.0286 0.0000
vt 0.6341 0.0264 0.0000
vt 0.6571 0.0264 0.0000
vt 0.6341 0.0286 0.0000
vt 0.7340 0.5959 0.0000
vt 0.7653 0.5925 0.0000
vt 0.7654 0.5948 0.0000
vt 0.7339 0.5937 0.0000
vt 0.3085 0.2643 0.0000
vt 0.3315 0.2620 0.0000
vt 0.3315 0.2643 0.0000
vt 0.3085 0.2620 0.0000
vt 0.5233 0.0657 0.0000
vt 0.5154 0.0589 0.0000
vt 0.5233 0.0589 0.0000
vt 0.5154 0.0657 0.0000
vt 0.4807 0.1183 0.0000
vt 0.4897 0.1251 0.0000
vt 0.4807 0.1251 0.0000
vt 0.4897 0.1183 0.0000
vt 0.0598 0.7608 0.0000
vt 0.0285 0.7377 0.0000
vt 0.0598 0.7377 0.0000
vt 0.0285 0.7608 0.0000
vt 0.5181 0.2921 0.0000
vt 0.5535 0.2994 0.0000
vt 0.5181 0.2994 0.0000
vt 0.5535 0.2921 0.0000
vt 0.5619 0.4504 0.0000
vt 0.5974 0.4314 0.0000
vt 0.5974 0.4504 0.0000
vt 0.5619 0.4314 0.0000
vt 0.7650 0.5640 0.0000
vt 0.5784 0.5287 0.0000
vt 0.7650 0.5287 0.0000
vt 0.7101 0.5567 0.0000
vt 0.6602 0.5562 0.0000
vt 0.6529 0.5562 0.0000
vt 0.7034 0.5567 0.0000
vt 0.7101 0.5640 0.0000
vt 0.6602 0.5640 0.0000
vt 0.7034 0.5640 0.0000
vt 0.5784 0.5629 0.0000
vt 0.6529 0.5629 0.0000
vt 0.4975 0.5067 0.0000
vt 0.4108 0.5005 0.0000
vt 0.4981 0.5000 0.0000
vt 0.4108 0.5073 0.0000
vt 0.5974 0.1318 0.0000
vt 0.5896 0.1250 0.0000
vt 0.5974 0.1250 0.0000
vt 0.5896 0.1318 0.0000
vt 0.5334 0.4331 0.0000
vt 0.4991 0.4504 0.0000
vt 0.4991 0.4331 0.0000
vt 0.5334 0.4504 0.0000
vt 0.1048 0.4264 0.0000
vt 0.0779 0.4280 0.0000
vt 0.0779 0.4264 0.0000
vt 0.1048 0.4280 0.0000
vt 0.0311 0.6983 0.0000
vt 0.0222 0.6916 0.0000
vt 0.0311 0.6916 0.0000
vt 0.0222 0.6983 0.0000
vt 0.2330 0.2118 0.0000
vt 0.2252 0.2051 0.0000
vt 0.2330 0.2051 0.0000
vt 0.2252 0.2118 0.0000
vt 0.0677 0.3625 0.0000
vt 0.0598 0.3557 0.0000
vt 0.0677 0.3557 0.0000
vt 0.0598 0.3625 0.0000
vt 0.4381 0.1552 0.0000
vt 0.4292 0.1619 0.0000
vt 0.4292 0.1552 0.0000
vt 0.4381 0.1619 0.0000
vt 0.3802 0.2994 0.0000
vt 0.3533 0.2949 0.0000
vt 0.3802 0.2949 0.0000
vt 0.3533 0.2994 0.0000
vt 0.5420 0.4776 0.0000
vt 0.5634 0.4734 0.0000
vt 0.5633 0.4778 0.0000
vt 0.5428 0.4773 0.0000
vt 0.5198 0.4774 0.0000
vt 0.5428 0.4750 0.0000
vt 0.5411 0.4750 0.0000
vt 0.5420 0.4731 0.0000
vt 0.5411 0.4773 0.0000
vt 0.5198 0.4729 0.0000
vt 0.3113 0.3625 0.0000
vt 0.2843 0.3580 0.0000
vt 0.3113 0.3580 0.0000
vt 0.2843 0.3625 0.0000
vt 0.0876 0.7197 0.0000
vt 0.0812 0.7607 0.0000
vt 0.0812 0.7197 0.0000
vt 0.0876 0.7467 0.0000
vt 0.1395 0.7607 0.0000
vt 0.1089 0.7467 0.0000
vt 0.1311 0.7467 0.0000
vt 0.1311 0.7197 0.0000
vt 0.1395 0.7197 0.0000
vt 0.6301 0.0592 0.0000
vt 0.6571 0.0570 0.0000
vt 0.6571 0.0592 0.0000
vt 0.6301 0.0570 0.0000
vt 0.2840 0.1764 0.0000
vt 0.2761 0.1831 0.0000
vt 0.2761 0.1764 0.0000
vt 0.2840 0.1831 0.0000
vt 0.4259 0.3936 0.0000
vt 0.3385 0.3936 0.0000
vt 0.4186 0.3936 0.0000
vt 0.1495 0.3557 0.0000
vt 0.1405 0.3625 0.0000
vt 0.1405 0.3557 0.0000
vt 0.1495 0.3625 0.0000
vt 0.2289 0.3608 0.0000
vt 0.2558 0.3625 0.0000
vt 0.2289 0.3625 0.0000
vt 0.2558 0.3608 0.0000
vt 0.5907 0.1675 0.0000
vt 0.5974 0.1602 0.0000
vt 0.5974 0.1675 0.0000
vt 0.5896 0.1602 0.0000
vt 0.5896 0.1675 0.0000
vt 0.1393 0.6910 0.0000
vt 0.0527 0.6983 0.0000
vt 0.0527 0.6910 0.0000
vt 0.1393 0.6983 0.0000
vt 0.3894 0.5298 0.0000
vt 0.3830 0.5641 0.0000
vt 0.3830 0.5298 0.0000
vt 0.3894 0.5567 0.0000
vt 0.4412 0.5641 0.0000
vt 0.4107 0.5567 0.0000
vt 0.4328 0.5567 0.0000
vt 0.4328 0.5298 0.0000
vt 0.4412 0.5298 0.0000
vt 0.1498 0.2926 0.0000
vt 0.1420 0.2994 0.0000
vt 0.1420 0.2926 0.0000
vt 0.1498 0.2994 0.0000
vt 0.2316 0.2994 0.0000
vt 0.2226 0.2926 0.0000
vt 0.2316 0.2926 0.0000
vt 0.2226 0.2994 0.0000
vt 0.3870 0.2643 0.0000
vt 0.3600 0.2620 0.0000
vt 0.3870 0.2620 0.0000
vt 0.3600 0.2643 0.0000
vt 0.6135 0.7166 0.0000
vt 0.6064 0.7080 0.0000
vt 0.6142 0.7088 0.0000
vt 0.6056 0.7158 0.0000
vt 0.6450 0.7536 0.0000
vt 0.6265 0.7099 0.0000
vt 0.6273 0.7010 0.0000
vt 0.6257 0.7177 0.0000
vt 0.6249 0.7267 0.0000
vt 0.5818 0.7486 0.0000
vt 0.6171 0.7259 0.0000
vt 0.6126 0.7255 0.0000
vt 0.6150 0.6998 0.0000
vt 0.2039 0.2116 0.0000
vt 0.1870 0.2119 0.0000
vt 0.1949 0.2117 0.0000
vt 0.6048 0.7248 0.0000
vt 0.5810 0.7313 0.0000
vt 0.7516 0.7563 0.0000
vt 0.5782 0.6730 0.0000
vt 0.7649 0.6704 0.0000
vt 0.7328 0.7533 0.0000
vt 0.7317 0.7605 0.0000
vt 0.6195 0.7002 0.0000
vt 0.6187 0.7092 0.0000
vt 0.6179 0.7170 0.0000
vt 0.6072 0.6991 0.0000
vt 0.1026 0.0378 0.0000
vt 0.1005 0.0359 0.0000
vt 0.1027 0.0361 0.0000
vt 0.1003 0.0376 0.0000
vt 0.3448 0.3289 0.0000
vt 0.3538 0.3221 0.0000
vt 0.3538 0.3289 0.0000
vt 0.3448 0.3221 0.0000
vt 0.2794 0.5574 0.0000
vt 0.3614 0.5641 0.0000
vt 0.2794 0.5641 0.0000
vt 0.2976 0.5574 0.0000
vt 0.3614 0.5574 0.0000
vt 0.4688 0.6826 0.0000
vt 0.5555 0.6766 0.0000
vt 0.5561 0.6833 0.0000
vt 0.4688 0.6758 0.0000
vt 0.1776 0.2575 0.0000
vt 0.1697 0.2643 0.0000
vt 0.1697 0.2575 0.0000
vt 0.1776 0.2643 0.0000
vt 0.0224 0.3869 0.0000
vt 0.0314 0.3936 0.0000
vt 0.0224 0.3936 0.0000
vt 0.0314 0.3869 0.0000
vt 0.0697 0.0669 0.0000
vt 0.0676 0.0650 0.0000
vt 0.0698 0.0652 0.0000
vt 0.0674 0.0667 0.0000
vt 0.5446 0.0657 0.0000
vt 0.5536 0.0589 0.0000
vt 0.5536 0.0657 0.0000
vt 0.5446 0.0589 0.0000
vt 0.2720 0.3289 0.0000
vt 0.2641 0.3221 0.0000
vt 0.2720 0.3221 0.0000
vt 0.2641 0.3289 0.0000
vt 0.3614 0.5349 0.0000
vt 0.2794 0.5361 0.0000
vt 0.2794 0.5349 0.0000
vt 0.3614 0.5361 0.0000
vt 0.4381 0.1339 0.0000
vt 0.4314 0.1266 0.0000
vt 0.4381 0.1266 0.0000
vt 0.4303 0.1339 0.0000
vt 0.4303 0.1266 0.0000
vt 0.2992 0.1546 0.0000
vt 0.2919 0.1479 0.0000
vt 0.2992 0.1479 0.0000
vt 0.2919 0.1546 0.0000
vt 0.7654 0.4504 0.0000
vt 0.7402 0.4380 0.0000
vt 0.7654 0.4150 0.0000
vt 0.6787 0.4504 0.0000
vt 0.7089 0.4380 0.0000
vt 0.7089 0.4150 0.0000
vt 0.6787 0.4150 0.0000
vt 0.7402 0.4150 0.0000
vt 0.5241 0.2241 0.0000
vt 0.5241 0.2173 0.0000
vt 0.5536 0.2232 0.0000
vt 0.1566 0.5992 0.0000
vt 0.1270 0.5986 0.0000
vt 0.1452 0.5857 0.0000
vt 0.6571 0.2858 0.0000
vt 0.6326 0.2858 0.0000
vt 0.6326 0.2690 0.0000
vt 0.0216 0.6488 0.0000
vt 0.0460 0.6298 0.0000
vt 0.0461 0.6488 0.0000
vt 0.6869 0.2681 0.0000
vt 0.7100 0.2894 0.0000
vt 0.6869 0.2894 0.0000
vt 0.7100 0.2681 0.0000
vt 0.7099 0.3621 0.0000
vt 0.6639 0.3625 0.0000
vt 0.6813 0.3502 0.0000
vt 0.6188 0.4504 0.0000
vt 0.6239 0.4187 0.0000
vt 0.6572 0.4504 0.0000
vt 0.0675 0.6488 0.0000
vt 0.0675 0.6298 0.0000
vt 0.0978 0.6488 0.0000
vt 0.7094 0.3288 0.0000
vt 0.6910 0.3107 0.0000
vt 0.7100 0.3107 0.0000
vt 0.6785 0.3107 0.0000
vt 0.0896 0.5938 0.0000
vt 0.0978 0.6085 0.0000
vt 0.0637 0.6077 0.0000
vt 0.2093 0.6044 0.0000
vt 0.1791 0.6044 0.0000
vt 0.1802 0.5867 0.0000
vt 0.4190 0.5364 0.0000
vt 0.3967 0.5304 0.0000
vt 0.4190 0.5297 0.0000
vt 0.3976 0.5371 0.0000
vt 0.3508 0.4504 0.0000
vt 0.3286 0.4504 0.0000
vt 0.3295 0.4333 0.0000
vt 0.5974 0.3111 0.0000
vt 0.5958 0.3288 0.0000
vt 0.5750 0.3111 0.0000
vt 0.7101 0.0274 0.0000
vt 0.7097 0.0396 0.0000
vt 0.6960 0.0277 0.0000
vt 0.5537 0.7595 0.0000
vt 0.5356 0.7597 0.0000
vt 0.5465 0.7514 0.0000
vt 0.6267 0.2477 0.0000
vt 0.6571 0.2370 0.0000
vt 0.6571 0.2477 0.0000
vt 0.6267 0.2370 0.0000
vt 0.1263 0.6276 0.0000
vt 0.1567 0.6489 0.0000
vt 0.1263 0.6489 0.0000
vt 0.1567 0.6276 0.0000
vt 0.6289 0.1593 0.0000
vt 0.6594 0.1599 0.0000
vt 0.6349 0.1697 0.0000
vt 0.7617 0.0303 0.0000
vt 0.7678 0.0407 0.0000
vt 0.7372 0.0401 0.0000
vt 0.1991 0.4936 0.0000
vt 0.1847 0.5075 0.0000
vt 0.1670 0.4926 0.0000
vt 0.6311 0.2088 0.0000
vt 0.6476 0.1972 0.0000
vt 0.6575 0.2085 0.0000
vt 0.7654 0.1249 0.0000
vt 0.7456 0.1075 0.0000
vt 0.7657 0.1076 0.0000
vt 0.7432 0.2138 0.0000
vt 0.7657 0.1919 0.0000
vt 0.7657 0.2138 0.0000
vt 0.3790 0.4507 0.0000
vt 0.3791 0.4288 0.0000
vt 0.4016 0.4288 0.0000
vt 0.2801 0.4505 0.0000
vt 0.2994 0.4389 0.0000
vt 0.3074 0.4505 0.0000
vt 0.0931 0.7188 0.0000
vt 0.1236 0.7189 0.0000
vt 0.1027 0.7324 0.0000
vt 0.7435 0.1460 0.0000
vt 0.7471 0.1636 0.0000
vt 0.7438 0.1637 0.0000
vt 0.7471 0.1635 0.0000
vt 0.7583 0.1633 0.0000
vt 0.7654 0.1633 0.0000
vt 0.7652 0.1480 0.0000
vt 0.7584 0.1634 0.0000
vt 0.4709 0.4383 0.0000
vt 0.4295 0.4505 0.0000
vt 0.4297 0.4375 0.0000
vt 0.4707 0.4468 0.0000
vt 0.0238 0.5487 0.0000
vt 0.0474 0.5638 0.0000
vt 0.0241 0.5641 0.0000
vt 0.0472 0.5509 0.0000
vt 0.0363 0.5974 0.0000
vt 0.0364 0.6094 0.0000
vt 0.0200 0.6072 0.0000
vt 0.7163 0.4265 0.0000
vt 0.7308 0.4149 0.0000
vt 0.7309 0.4265 0.0000
vt 0.1833 0.3934 0.0000
vt 0.1638 0.3938 0.0000
vt 0.1745 0.3843 0.0000
vt 0.7100 0.1742 0.0000
vt 0.6880 0.1910 0.0000
vt 0.6883 0.1742 0.0000
vt 0.7098 0.1840 0.0000
vt 0.2589 0.4491 0.0000
vt 0.2352 0.4403 0.0000
vt 0.2584 0.4394 0.0000
vt 0.2358 0.4504 0.0000
vt 0.2282 0.3936 0.0000
vt 0.2043 0.3928 0.0000
vt 0.2223 0.3839 0.0000
vt 0.5760 0.2784 0.0000
vt 0.5974 0.2784 0.0000
vt 0.5971 0.2897 0.0000
vt 0.5017 0.3625 0.0000
vt 0.5020 0.3511 0.0000
vt 0.5303 0.3625 0.0000
vt 0.0568 0.4961 0.0000
vt 0.0906 0.4983 0.0000
vt 0.0569 0.5082 0.0000
vt 0.3820 0.4902 0.0000
vt 0.3683 0.5072 0.0000
vt 0.3456 0.4899 0.0000
vt 0.1695 0.5485 0.0000
vt 0.2060 0.5489 0.0000
vt 0.1921 0.5641 0.0000
vt 0.6882 0.2396 0.0000
vt 0.6882 0.2195 0.0000
vt 0.7100 0.2377 0.0000
vt 0.5914 0.6210 0.0000
vt 0.5914 0.5926 0.0000
vt 0.6050 0.6098 0.0000
vt 0.7385 0.2848 0.0000
vt 0.7654 0.3079 0.0000
vt 0.7385 0.3079 0.0000
vt 0.7654 0.2848 0.0000
vt 0.6255 0.3280 0.0000
vt 0.6409 0.3148 0.0000
vt 0.6575 0.3291 0.0000
vt 0.6400 0.3141 0.0000
vt 0.6427 0.3164 0.0000
vt 0.1484 0.2640 0.0000
vt 0.1293 0.2643 0.0000
vt 0.1316 0.2642 0.0000
vt 0.1207 0.2994 0.0000
vt 0.1038 0.2991 0.0000
vt 0.1105 0.2992 0.0000
vt 0.7378 0.3357 0.0000
vt 0.7661 0.3631 0.0000
vt 0.7419 0.3631 0.0000
vt 0.7661 0.3443 0.0000
vt 0.7661 0.3357 0.0000
vt 0.6836 0.1457 0.0000
vt 0.6834 0.1356 0.0000
vt 0.7100 0.1457 0.0000
vt 0.7389 0.2462 0.0000
vt 0.7655 0.2348 0.0000
vt 0.7655 0.2563 0.0000
vt 0.1383 0.4994 0.0000
vt 0.1165 0.5044 0.0000
vt 0.1377 0.4905 0.0000
vt 0.1389 0.5072 0.0000
vt 0.2294 0.0719 0.0000
vt 0.2372 0.0720 0.0000
vt 0.2294 0.0720 0.0000
vt 0.3137 0.2336 0.0000
vt 0.3350 0.2336 0.0000
vt 0.3351 0.2336 0.0000
vt 0.1165 0.4905 0.0000
vt 0.5983 0.2427 0.0000
vt 0.5975 0.2578 0.0000
vt 0.5827 0.2431 0.0000
vt 0.2271 0.5072 0.0000
vt 0.2507 0.4848 0.0000
vt 0.2507 0.5072 0.0000
vt 0.2271 0.4848 0.0000
vt 0.1245 0.5641 0.0000
vt 0.1481 0.5416 0.0000
vt 0.1481 0.5641 0.0000
vt 0.1245 0.5416 0.0000
vt 0.4896 0.2217 0.0000
vt 0.4670 0.2157 0.0000
vt 0.4894 0.2150 0.0000
vt 0.4672 0.2224 0.0000
vt 0.5537 0.1235 0.0000
vt 0.5468 0.1271 0.0000
vt 0.5399 0.1238 0.0000
vt 0.5537 0.1304 0.0000
vt 0.2094 0.6258 0.0000
vt 0.1781 0.6489 0.0000
vt 0.1781 0.6258 0.0000
vt 0.2094 0.6489 0.0000
vt 0.0914 0.3936 0.0000
vt 0.0598 0.3936 0.0000
vt 0.0724 0.3936 0.0000
vt 0.4224 0.2284 0.0000
vt 0.4381 0.2201 0.0000
vt 0.4381 0.2284 0.0000
vt 0.4224 0.2201 0.0000
vt 0.6335 0.0876 0.0000
vt 0.6571 0.0943 0.0000
vt 0.6335 0.0943 0.0000
vt 0.6571 0.0876 0.0000
vt 0.0244 0.5007 0.0000
vt 0.0313 0.5041 0.0000
vt 0.0244 0.5073 0.0000
vt 0.0382 0.5008 0.0000
vt 0.4087 0.2936 0.0000
vt 0.4379 0.2927 0.0000
vt 0.4381 0.2994 0.0000
vt 0.0507 0.8990 0.0000
vt 0.0317 0.8934 0.0000
vt 0.0507 0.8934 0.0000
vt 0.0317 0.8990 0.0000
vt 0.1107 0.9647 0.0000
vt 0.0241 0.9591 0.0000
vt 0.1107 0.9591 0.0000
vt 0.0241 0.9647 0.0000
vt 0.0571 0.8551 0.0000
vt 0.2083 0.8554 0.0000
vt 0.1446 0.8553 0.0000
vt 0.0935 0.8687 0.0000
vt 0.0573 0.8687 0.0000
vt 0.0867 0.8687 0.0000
vt 0.0264 0.9123 0.0000
vt 0.0204 0.9073 0.0000
vt 0.0268 0.9078 0.0000
vt 0.0200 0.9117 0.0000
vt 0.1839 0.8461 0.0000
vt 0.1657 0.8391 0.0000
vt 0.1835 0.8388 0.0000
vt 0.1657 0.8464 0.0000
vt 0.2083 0.8319 0.0000
vt 0.1922 0.8241 0.0000
vt 0.2083 0.8241 0.0000
vt 0.1922 0.8319 0.0000
vt 0.2083 0.8464 0.0000
vt 0.1905 0.8385 0.0000
vt 0.2083 0.8385 0.0000
vt 0.1905 0.8464 0.0000
vt 0.2064 0.9344 0.0000
vt 0.1254 0.9799 0.0000
vt 0.1198 0.9371 0.0000
vt 0.1903 0.9785 0.0000
vt 0.2080 0.9781 0.0000
vt 0.1414 0.9795 0.0000
vt 0.0455 0.9481 0.0000
vt 0.0367 0.9518 0.0000
vt 0.0371 0.9473 0.0000
vt 0.0451 0.9525 0.0000
vt 0.0786 0.8857 0.0000
vt 0.0443 0.8813 0.0000
vt 0.0786 0.8813 0.0000
vt 0.0376 0.8857 0.0000
vt 0.0376 0.8813 0.0000
vt 0.1342 0.8857 0.0000
vt 0.0853 0.8779 0.0000
vt 0.1342 0.8779 0.0000
vt 0.0853 0.8857 0.0000
vt 0.0945 0.9797 0.0000
vt 0.1099 0.9727 0.0000
vt 0.1106 0.9800 0.0000
vt 0.0456 0.9788 0.0000
vt 0.0279 0.9712 0.0000
vt 0.0279 0.9785 0.0000
vt 0.1772 0.8141 0.0000
vt 0.1840 0.8068 0.0000
vt 0.1840 0.8141 0.0000
vt 0.1761 0.8068 0.0000
vt 0.1761 0.8141 0.0000
vt 0.2016 0.8175 0.0000
vt 0.2083 0.8103 0.0000
vt 0.2083 0.8175 0.0000
vt 0.2004 0.8103 0.0000
vt 0.2004 0.8175 0.0000
vt 0.2075 0.8847 0.0000
vt 0.1920 0.8777 0.0000
vt 0.2081 0.8774 0.0000
vt 0.1432 0.8784 0.0000
vt 0.1436 0.8857 0.0000
vt 0.2078 0.9256 0.0000
vt 0.1529 0.9200 0.0000
vt 0.2078 0.9200 0.0000
vt 0.0957 0.9200 0.0000
vt 0.0212 0.9256 0.0000
vt 0.0957 0.9188 0.0000
vt 0.0212 0.9188 0.0000
vt 0.1108 0.9391 0.0000
vt 0.0606 0.9398 0.0000
vt 0.1041 0.9392 0.0000
vt 0.0533 0.9399 0.0000
vt 0.0288 0.8857 0.0000
vt 0.0215 0.8801 0.0000
vt 0.0288 0.8801 0.0000
vt 0.0215 0.8857 0.0000
vt 0.2082 0.8620 0.0000
vt 0.1500 0.8687 0.0000
vt 0.1500 0.8620 0.0000
vt 0.2082 0.8687 0.0000
vt 0.1090 0.8687 0.0000
vt 0.1432 0.8642 0.0000
vt 0.1432 0.8687 0.0000
vt 0.1022 0.8642 0.0000
vt 0.1022 0.8687 0.0000
vt 0.0507 0.9055 0.0000
vt 0.0333 0.9123 0.0000
vt 0.0333 0.9055 0.0000
vt 0.0507 0.9123 0.0000
vt 0.1105 0.9525 0.0000
vt 0.0523 0.9464 0.0000
vt 0.1107 0.9480 0.0000
vt 0.0522 0.9509 0.0000
vt 0.4674 0.7327 0.0000
vt 0.7604 0.6188 0.0000
vt 0.7393 0.6220 0.0000
vt 0.7650 0.6487 0.0000
vt 0.6730 0.6297 0.0000
vt 0.6729 0.6297 0.0000
vt 0.6696 0.6301 0.0000
vt 0.6691 0.6301 0.0000
vt 0.6590 0.6310 0.0000
vt 0.6585 0.6311 0.0000
vt 0.6514 0.6318 0.0000
vt 0.6284 0.6339 0.0000
vt 0.5882 0.6377 0.0000
vt 0.5888 0.6460 0.0000
vt 0.5883 0.3909 0.0000
vt 0.7655 0.3936 0.0000
vt 0.6293 0.3915 0.0000
vt 0.4231 0.5921 0.0000
vt 0.5593 0.5902 0.0000
vt 0.4876 0.5912 0.0000
vt 0.4157 0.3615 0.0000
vt 0.4803 0.3625 0.0000
vt 0.4391 0.3619 0.0000
vt 0.4219 0.3616 0.0000
vt 0.2759 0.4736 0.0000
vt 0.3171 0.4730 0.0000
vt 0.2978 0.4733 0.0000
vt 0.5178 0.3283 0.0000
vt 0.0260 0.4281 0.0000
vt 0.0494 0.4277 0.0000
vt 0.0328 0.4280 0.0000
vt 0.6894 0.5977 0.0000
vt 0.6695 0.5927 0.0000
vt 0.6925 0.5984 0.0000
vt 0.6993 0.6001 0.0000
vt 0.7062 0.6019 0.0000
vt 0.7215 0.6057 0.0000
vt 0.7374 0.6097 0.0000
vt 0.3073 0.4177 0.0000
vt 0.2860 0.4165 0.0000
vt 0.3073 0.4165 0.0000
vt 0.2860 0.4177 0.0000
vt 0.0385 0.3625 0.0000
vt 0.0260 0.3614 0.0000
vt 0.0385 0.3614 0.0000
vt 0.0260 0.3625 0.0000
vt 0.2491 0.3936 0.0000
vt 0.3177 0.3925 0.0000
vt 0.3177 0.3936 0.0000
vt 0.2976 0.3925 0.0000
vt 0.2944 0.3925 0.0000
vt 0.2876 0.3925 0.0000
vt 0.2806 0.3925 0.0000
vt 0.2651 0.3925 0.0000
vt 0.2491 0.3925 0.0000
vt 0.0879 0.4757 0.0000
vt 0.0507 0.4746 0.0000
vt 0.0879 0.4746 0.0000
vt 0.0676 0.4493 0.0000
vt 0.1048 0.4505 0.0000
vt 0.0676 0.4505 0.0000
vt 0.0772 0.2119 0.0000
vt 0.0688 0.2118 0.0000
vt 0.1242 0.2107 0.0000
vt 0.1325 0.2107 0.0000
vt 0.1242 0.2119 0.0000
vt 0.1325 0.2119 0.0000
vt 0.2313 0.5921 0.0000
vt 0.2313 0.5909 0.0000
vt 0.2780 0.5921 0.0000
vt 0.2720 0.5909 0.0000
vt 0.2780 0.5909 0.0000
vt 0.4381 0.0971 0.0000
vt 0.4210 0.0982 0.0000
vt 0.4210 0.0971 0.0000
vt 0.4381 0.0982 0.0000
vt 0.4475 0.3936 0.0000
vt 0.4475 0.3925 0.0000
vt 0.5596 0.3936 0.0000
vt 0.4693 0.3925 0.0000
vt 0.6422 0.3625 0.0000
vt 0.5519 0.3614 0.0000
vt 0.5710 0.3614 0.0000
vt 0.5806 0.3614 0.0000
vt 0.5873 0.3614 0.0000
vt 0.6038 0.3614 0.0000
vt 0.6206 0.3614 0.0000
vt 0.6422 0.3614 0.0000
vt 0.2834 0.2994 0.0000
vt 0.2529 0.2994 0.0000
vt 0.1127 0.3925 0.0000
vt 0.1429 0.3925 0.0000
vt 0.1127 0.3936 0.0000
vt 0.1429 0.3936 0.0000
vt 0.0250 0.4505 0.0000
vt 0.0462 0.4493 0.0000
vt 0.0462 0.4505 0.0000
vt 0.5974 0.1888 0.0000
vt 0.5762 0.1899 0.0000
vt 0.5762 0.1888 0.0000
vt 0.5394 0.7421 0.0000
vt 0.5406 0.7432 0.0000
vt 0.5395 0.7432 0.0000
vt 0.5538 0.7419 0.0000
vt 0.5539 0.7430 0.0000
vt 0.0722 0.1545 0.0000
vt 0.0727 0.1547 0.0000
vt 0.0722 0.1547 0.0000
vt 0.0727 0.1546 0.0000
vt 0.2316 0.0494 0.0000
vt 0.2372 0.0506 0.0000
vt 0.2316 0.0505 0.0000
vt 0.2372 0.0495 0.0000
vt 0.0683 0.0354 0.0000
vt 0.0698 0.0366 0.0000
vt 0.0682 0.0365 0.0000
vt 0.0698 0.0355 0.0000
vt 0.0375 0.0657 0.0000
vt 0.0390 0.0669 0.0000
vt 0.0375 0.0668 0.0000
vt 0.0390 0.0657 0.0000
vt 0.1323 0.0657 0.0000
vt 0.1367 0.0669 0.0000
vt 0.1322 0.0668 0.0000
vt 0.1367 0.0658 0.0000
vt 0.1663 0.0958 0.0000
vt 0.1719 0.0970 0.0000
vt 0.1663 0.0969 0.0000
vt 0.1719 0.0959 0.0000
vt 0.0356 0.2981 0.0000
vt 0.0443 0.2994 0.0000
vt 0.0356 0.2992 0.0000
vt 0.0443 0.2983 0.0000
vt 0.3580 0.0532 0.0000
vt 0.3607 0.0543 0.0000
vt 0.3580 0.0544 0.0000
vt 0.3607 0.0532 0.0000
vt 0.1311 0.1248 0.0000
vt 0.1367 0.1261 0.0000
vt 0.1311 0.1260 0.0000
vt 0.1367 0.1249 0.0000
vt 0.0727 0.2981 0.0000
vt 0.0730 0.2992 0.0000
vt 0.0727 0.2992 0.0000
vt 0.0730 0.2981 0.0000
vt 0.0825 0.2994 0.0000
vt 0.0824 0.2983 0.0000
vt 0.2930 0.0496 0.0000
vt 0.2992 0.0509 0.0000
vt 0.2930 0.0508 0.0000
vt 0.2992 0.0497 0.0000
vt 0.3284 0.0305 0.0000
vt 0.3355 0.0317 0.0000
vt 0.3284 0.0316 0.0000
vt 0.3355 0.0306 0.0000
vt 0.0982 0.0953 0.0000
vt 0.0999 0.0964 0.0000
vt 0.0982 0.0964 0.0000
vt 0.0999 0.0953 0.0000
vt 0.1027 0.0965 0.0000
vt 0.1027 0.0953 0.0000
vt 0.4095 0.0519 0.0000
vt 0.4122 0.0529 0.0000
vt 0.4096 0.0530 0.0000
vt 0.4122 0.0518 0.0000
vt 0.3288 0.1546 0.0000
vt 0.3355 0.1474 0.0000
vt 0.3355 0.1546 0.0000
vt 0.3276 0.1474 0.0000
vt 0.3276 0.1546 0.0000
vt 0.5535 0.0952 0.0000
vt 0.5305 0.0941 0.0000
vt 0.5535 0.0941 0.0000
vt 0.5305 0.0952 0.0000
vt 0.5862 0.1024 0.0000
vt 0.5974 0.1037 0.0000
vt 0.5862 0.1035 0.0000
vt 0.5974 0.1026 0.0000
vt 0.5563 0.5629 0.0000
vt 0.5470 0.5287 0.0000
vt 0.5563 0.5287 0.0000
vt 0.5467 0.5287 0.0000
vt 0.5405 0.5287 0.0000
vt 0.5319 0.5287 0.0000
vt 0.5263 0.5287 0.0000
vt 0.5236 0.5287 0.0000
vt 0.5191 0.5287 0.0000
vt 0.5176 0.5287 0.0000
vt 0.5120 0.5287 0.0000
vt 0.5094 0.5287 0.0000
vt 0.5065 0.5287 0.0000
vt 0.5049 0.5287 0.0000
vt 0.5033 0.5287 0.0000
vt 0.4977 0.5287 0.0000
vt 0.4834 0.5287 0.0000
vt 0.4763 0.5287 0.0000
vt 0.4763 0.5517 0.0000
vt 0.4651 0.5517 0.0000
vt 0.4834 0.5562 0.0000
vt 0.4834 0.5629 0.0000
vt 0.4629 0.5287 0.0000
vt 0.4651 0.5287 0.0000
vt 0.4629 0.5640 0.0000
vt 0.4762 0.5562 0.0000
vt 0.4762 0.5640 0.0000
vt 0.5197 0.4895 0.0000
vt 0.5340 0.4909 0.0000
vt 0.5197 0.4906 0.0000
vt 0.5341 0.4897 0.0000
vt 0.2308 0.6488 0.0000
vt 0.2780 0.6134 0.0000
vt 0.2780 0.6488 0.0000
vt 0.2758 0.6134 0.0000
vt 0.2736 0.6134 0.0000
vt 0.2308 0.6134 0.0000
vt 0.4157 0.1917 0.0000
vt 0.4381 0.1904 0.0000
vt 0.4381 0.1917 0.0000
vt 0.4157 0.1903 0.0000
vt 0.4381 0.1903 0.0000
vt 0.4381 0.0743 0.0000
vt 0.4280 0.0758 0.0000
vt 0.4280 0.0744 0.0000
vt 0.4381 0.0756 0.0000
vt 0.4666 0.2994 0.0000
vt 0.4896 0.2988 0.0000
vt 0.4896 0.2994 0.0000
vt 0.4672 0.2988 0.0000
vt 0.4672 0.2887 0.0000
vt 0.4896 0.2882 0.0000
vt 0.4896 0.2887 0.0000
vt 0.4666 0.2882 0.0000
vt 0.3235 0.3288 0.0000
vt 0.3005 0.3289 0.0000
vt 0.3005 0.3288 0.0000
vt 0.3235 0.3289 0.0000
vt 0.2260 0.1543 0.0000
vt 0.2372 0.1547 0.0000
vt 0.2260 0.1545 0.0000
vt 0.2372 0.1546 0.0000
vt 0.0961 0.3624 0.0000
vt 0.1191 0.3625 0.0000
vt 0.0961 0.3625 0.0000
vt 0.1191 0.3624 0.0000
vt 0.1783 0.2993 0.0000
vt 0.2013 0.2994 0.0000
vt 0.1783 0.2994 0.0000
vt 0.2013 0.2993 0.0000
vt 0.2924 0.2333 0.0000
vt 0.2811 0.2336 0.0000
vt 0.2811 0.2335 0.0000
vt 0.2924 0.2335 0.0000
vt 0.4089 0.7587 0.0000
vt 0.3858 0.7542 0.0000
vt 0.4493 0.7481 0.0000
vt 0.4491 0.7312 0.0000
vt 0.4493 0.7312 0.0000
vt 0.4429 0.7312 0.0000
vt 0.4342 0.7312 0.0000
vt 0.4286 0.7312 0.0000
vt 0.4260 0.7312 0.0000
vt 0.4215 0.7312 0.0000
vt 0.4200 0.7312 0.0000
vt 0.4144 0.7312 0.0000
vt 0.4117 0.7312 0.0000
vt 0.4089 0.7312 0.0000
vt 0.4072 0.7312 0.0000
vt 0.4057 0.7312 0.0000
vt 0.4001 0.7312 0.0000
vt 0.3858 0.7312 0.0000
vt 0.3787 0.7312 0.0000
vt 0.3787 0.7542 0.0000
vt 0.4666 0.1866 0.0000
vt 0.4896 0.1832 0.0000
vt 0.4896 0.1866 0.0000
vt 0.4666 0.1832 0.0000
vt 0.0398 0.0360 0.0000
vt 0.0386 0.0366 0.0000
vt 0.0386 0.0361 0.0000
vt 0.0397 0.0366 0.0000
vt 0.0398 0.0366 0.0000
vt 0.3872 0.3617 0.0000
vt 0.3612 0.3610 0.0000
vt 0.3872 0.3606 0.0000
vt 0.3399 0.3625 0.0000
vt 0.3511 0.3612 0.0000
vt 0.3444 0.3613 0.0000
vt 0.3422 0.3613 0.0000
vt 0.3399 0.3614 0.0000
vt 0.2612 0.0788 0.0000
vt 0.2635 0.0778 0.0000
vt 0.2635 0.0789 0.0000
vt 0.2613 0.0777 0.0000
vt 0.0358 0.1249 0.0000
vt 0.0335 0.1261 0.0000
vt 0.0335 0.1249 0.0000
vt 0.0357 0.1260 0.0000
vt 0.3975 0.6748 0.0000
vt 0.3987 0.6833 0.0000
vt 0.3975 0.6833 0.0000
vt 0.3987 0.6748 0.0000
vt 0.4010 0.6748 0.0000
vt 0.4010 0.6833 0.0000
vt 0.4032 0.6748 0.0000
vt 0.4032 0.6833 0.0000
vt 0.4099 0.6748 0.0000
vt 0.4099 0.6833 0.0000
vt 0.4199 0.6833 0.0000
vt 0.4199 0.6748 0.0000
vt 0.4460 0.6833 0.0000
vt 0.4471 0.6709 0.0000
vt 0.4471 0.6833 0.0000
vt 0.6495 0.6195 0.0000
vt 0.6618 0.5926 0.0000
vt 0.6618 0.6195 0.0000
vt 0.6607 0.5926 0.0000
vt 0.6584 0.5926 0.0000
vt 0.6562 0.5926 0.0000
vt 0.6495 0.5926 0.0000
vt 0.6123 0.6195 0.0000
vt 0.6394 0.5926 0.0000
vt 0.6123 0.5965 0.0000
vt 0.4666 0.0969 0.0000
vt 0.4896 0.0970 0.0000
vt 0.4666 0.0970 0.0000
vt 0.4896 0.0969 0.0000
vt 0.5929 0.5072 0.0000
vt 0.5834 0.4730 0.0000
vt 0.5929 0.4730 0.0000
vt 0.5834 0.4898 0.0000
vt 0.5430 0.5005 0.0000
vt 0.5199 0.5005 0.0000
vt 0.5199 0.5072 0.0000
vt 0.3170 0.4994 0.0000
vt 0.2868 0.4949 0.0000
vt 0.2938 0.4949 0.0000
vt 0.2755 0.4949 0.0000
vt 0.2722 0.4949 0.0000
vt 0.2866 0.4994 0.0000
vt 0.2722 0.5073 0.0000
vt 0.3565 0.2336 0.0000
vt 0.3870 0.2331 0.0000
vt 0.3638 0.2335 0.0000
vt 0.2866 0.5073 0.0000
vt 0.5535 0.2637 0.0000
vt 0.5311 0.2631 0.0000
vt 0.5535 0.2631 0.0000
vt 0.5305 0.2637 0.0000
vt 0.5311 0.2531 0.0000
vt 0.5535 0.2525 0.0000
vt 0.5535 0.2531 0.0000
vt 0.5305 0.2525 0.0000
vt 0.3309 0.0575 0.0000
vt 0.3355 0.0532 0.0000
vt 0.3354 0.0577 0.0000
vt 0.3310 0.0530 0.0000
vt 0.3966 0.5491 0.0000
vt 0.3974 0.5447 0.0000
vt 0.3972 0.5492 0.0000
vt 0.3968 0.5447 0.0000
vt 0.0736 0.3280 0.0000
vt 0.0780 0.3289 0.0000
vt 0.0735 0.3287 0.0000
vt 0.0781 0.3281 0.0000
vt 0.5930 0.0389 0.0000
vt 0.5973 0.0427 0.0000
vt 0.5928 0.0425 0.0000
vt 0.5974 0.0390 0.0000
vt 0.1300 0.1545 0.0000
vt 0.1345 0.1547 0.0000
vt 0.1345 0.1546 0.0000
vt 0.0653 0.0958 0.0000
vt 0.0698 0.0965 0.0000
vt 0.0653 0.0963 0.0000
vt 0.0698 0.0959 0.0000
vt 0.4335 0.0528 0.0000
vt 0.4381 0.0485 0.0000
vt 0.4380 0.0530 0.0000
vt 0.4337 0.0483 0.0000
vt 0.0982 0.0662 0.0000
vt 0.1027 0.0669 0.0000
vt 0.0982 0.0667 0.0000
vt 0.1027 0.0663 0.0000
vt 0.3824 0.0280 0.0000
vt 0.3870 0.0237 0.0000
vt 0.3869 0.0282 0.0000
vt 0.3825 0.0235 0.0000
vt 0.1323 0.0366 0.0000
vt 0.1367 0.0373 0.0000
vt 0.1322 0.0372 0.0000
vt 0.1367 0.0367 0.0000
vt 0.4328 0.3227 0.0000
vt 0.4531 0.3289 0.0000
vt 0.4324 0.3271 0.0000
vt 0.4535 0.3244 0.0000
vt 0.1998 0.3287 0.0000
vt 0.2046 0.3244 0.0000
vt 0.2045 0.3289 0.0000
vt 0.2000 0.3242 0.0000
vt 0.3309 0.0790 0.0000
vt 0.3351 0.0838 0.0000
vt 0.3305 0.0835 0.0000
vt 0.3355 0.0794 0.0000
vt 0.2163 0.1830 0.0000
vt 0.2210 0.1787 0.0000
vt 0.2209 0.1831 0.0000
vt 0.2164 0.1785 0.0000
vt 0.0963 0.2594 0.0000
vt 0.1005 0.2643 0.0000
vt 0.0960 0.2639 0.0000
vt 0.1009 0.2598 0.0000
vt 0.1538 0.2117 0.0000
vt 0.1586 0.2074 0.0000
vt 0.1584 0.2118 0.0000
vt 0.1540 0.2072 0.0000
vt 0.2589 0.1498 0.0000
vt 0.2631 0.1546 0.0000
vt 0.2585 0.1543 0.0000
vt 0.2635 0.1502 0.0000
vt 0.3824 0.0495 0.0000
vt 0.3866 0.0543 0.0000
vt 0.3820 0.0540 0.0000
vt 0.3870 0.0499 0.0000
vt 0.5708 0.4729 0.0000
vt 0.5751 0.4777 0.0000
vt 0.5706 0.4775 0.0000
vt 0.5753 0.4730 0.0000
vt 0.1694 0.1801 0.0000
vt 0.1650 0.1832 0.0000
vt 0.1650 0.1801 0.0000
vt 0.1694 0.1832 0.0000
vt 0.2373 0.0964 0.0000
vt 0.2329 0.0933 0.0000
vt 0.2373 0.0933 0.0000
vt 0.2329 0.0964 0.0000
vt 0.2993 0.0721 0.0000
vt 0.2948 0.0752 0.0000
vt 0.2948 0.0721 0.0000
vt 0.2993 0.0752 0.0000
vt 0.1029 0.2119 0.0000
vt 0.0985 0.2088 0.0000
vt 0.1029 0.2088 0.0000
vt 0.0985 0.2119 0.0000
vt 0.5772 0.2112 0.0000
vt 0.5776 0.2116 0.0000
vt 0.5772 0.2152 0.0000
vt 0.5777 0.2112 0.0000
vt 0.5822 0.2116 0.0000
vt 0.5821 0.2112 0.0000
vt 0.5827 0.2112 0.0000
vt 0.5822 0.2147 0.0000
vt 0.5826 0.2116 0.0000
vt 0.5871 0.2116 0.0000
vt 0.5871 0.2112 0.0000
vt 0.5876 0.2112 0.0000
vt 0.5871 0.2147 0.0000
vt 0.5876 0.2116 0.0000
vt 0.5921 0.2116 0.0000
vt 0.5877 0.2112 0.0000
vt 0.5913 0.2112 0.0000
vt 0.5921 0.2112 0.0000
vt 0.5926 0.2112 0.0000
vt 0.5921 0.2147 0.0000
vt 0.5926 0.2116 0.0000
vt 0.5971 0.2116 0.0000
vt 0.5970 0.2112 0.0000
vt 0.5976 0.2112 0.0000
vt 0.5971 0.2147 0.0000
vt 0.5776 0.2147 0.0000
vt 0.5976 0.2152 0.0000
vt 0.5826 0.2147 0.0000
vt 0.5876 0.2147 0.0000
vt 0.5926 0.2147 0.0000
vt 0.3249 0.2994 0.0000
vt 0.3245 0.2990 0.0000
vt 0.3245 0.2959 0.0000
vt 0.3045 0.2994 0.0000
vt 0.3199 0.2990 0.0000
vt 0.3195 0.2990 0.0000
vt 0.3199 0.2959 0.0000
vt 0.3150 0.2990 0.0000
vt 0.3145 0.2990 0.0000
vt 0.3150 0.2959 0.0000
vt 0.3100 0.2990 0.0000
vt 0.3096 0.2990 0.0000
vt 0.3100 0.2959 0.0000
vt 0.3050 0.2990 0.0000
vt 0.3045 0.2954 0.0000
vt 0.3249 0.2954 0.0000
vt 0.3244 0.2954 0.0000
vt 0.3200 0.2954 0.0000
vt 0.3194 0.2954 0.0000
vt 0.3195 0.2959 0.0000
vt 0.3150 0.2954 0.0000
vt 0.3145 0.2954 0.0000
vt 0.3145 0.2959 0.0000
vt 0.3144 0.2954 0.0000
vt 0.3108 0.2954 0.0000
vt 0.3101 0.2954 0.0000
vt 0.3095 0.2954 0.0000
vt 0.3096 0.2959 0.0000
vt 0.3050 0.2959 0.0000
vt 0.3051 0.2954 0.0000
vt 0.1950 0.1832 0.0000
vt 0.1906 0.1792 0.0000
vt 0.1950 0.1792 0.0000
vt 0.1906 0.1832 0.0000
vt 0.2635 0.1245 0.0000
vt 0.2591 0.1285 0.0000
vt 0.2591 0.1245 0.0000
vt 0.2635 0.1285 0.0000
vt 0.1602 0.1516 0.0000
vt 0.1558 0.1547 0.0000
vt 0.1558 0.1516 0.0000
vt 0.1602 0.1547 0.0000
vt 0.1400 0.3289 0.0000
vt 0.1356 0.3258 0.0000
vt 0.1400 0.3258 0.0000
vt 0.1356 0.3289 0.0000
vt 0.1976 0.1261 0.0000
vt 0.1932 0.1230 0.0000
vt 0.1976 0.1230 0.0000
vt 0.1932 0.1261 0.0000
vt 0.2635 0.1002 0.0000
vt 0.2591 0.1033 0.0000
vt 0.2591 0.1002 0.0000
vt 0.2635 0.1033 0.0000
vt 0.0642 0.1254 0.0000
vt 0.0687 0.1261 0.0000
vt 0.0642 0.1259 0.0000
vt 0.0687 0.1255 0.0000
vt 0.0713 0.8170 0.0000
vt 0.0824 0.8385 0.0000
vt 0.0713 0.8386 0.0000
vt 0.0824 0.8301 0.0000
vt 0.0824 0.8169 0.0000
vt 0.0860 0.8272 0.0000
vt 0.0858 0.8384 0.0000
vt 0.0857 0.8384 0.0000
vt 0.0862 0.8272 0.0000
vt 0.0858 0.8122 0.0000
vt 0.0857 0.8255 0.0000
vt 0.0857 0.8122 0.0000
vt 0.0858 0.8255 0.0000
vt 0.0875 0.8255 0.0000
vt 0.0873 0.8171 0.0000
vt 0.0877 0.8254 0.0000
vt 0.0872 0.8171 0.0000
vt 0.0882 0.8272 0.0000
vt 0.0880 0.8384 0.0000
vt 0.0880 0.8272 0.0000
vt 0.0882 0.8384 0.0000
vt 0.0838 0.8386 0.0000
vt 0.0837 0.8170 0.0000
vt 0.0839 0.8170 0.0000
vt 0.0837 0.8386 0.0000
vt 0.0701 0.8170 0.0000
vt 0.0590 0.8385 0.0000
vt 0.0590 0.8169 0.0000
vt 0.0701 0.8253 0.0000
vt 0.0701 0.8386 0.0000
vt 0.1159 0.8170 0.0000
vt 0.1270 0.8383 0.0000
vt 0.1159 0.8386 0.0000
vt 0.1270 0.8300 0.0000
vt 0.1270 0.8167 0.0000
vt 0.1306 0.8272 0.0000
vt 0.1304 0.8384 0.0000
vt 0.1302 0.8384 0.0000
vt 0.1308 0.8272 0.0000
vt 0.1330 0.8122 0.0000
vt 0.1328 0.8254 0.0000
vt 0.1328 0.8122 0.0000
vt 0.1330 0.8254 0.0000
vt 0.1310 0.8171 0.0000
vt 0.1302 0.8254 0.0000
vt 0.1308 0.8171 0.0000
vt 0.1304 0.8254 0.0000
vt 0.1328 0.8272 0.0000
vt 0.1326 0.8384 0.0000
vt 0.1326 0.8272 0.0000
vt 0.1327 0.8384 0.0000
vt 0.1284 0.8385 0.0000
vt 0.1283 0.8169 0.0000
vt 0.1284 0.8169 0.0000
vt 0.1282 0.8385 0.0000
vt 0.1147 0.8170 0.0000
vt 0.1036 0.8383 0.0000
vt 0.1036 0.8167 0.0000
vt 0.1147 0.8253 0.0000
vt 0.1147 0.8386 0.0000
vt 0.1843 0.4403 0.0000
vt 0.2067 0.4504 0.0000
vt 0.1843 0.4504 0.0000
vt 0.2067 0.4403 0.0000
vt 0.1785 0.3287 0.0000
vt 0.1684 0.3286 0.0000
vt 0.1785 0.3284 0.0000
vt 0.1684 0.3289 0.0000
vt 0.3645 0.1824 0.0000
vt 0.3870 0.1820 0.0000
vt 0.3870 0.1824 0.0000
vt 0.3645 0.1820 0.0000
vt 0.2891 0.0968 0.0000
vt 0.2992 0.0967 0.0000
vt 0.2992 0.0970 0.0000
vt 0.2891 0.0965 0.0000
vt 0.2940 0.5069 0.0000
vt 0.3165 0.5066 0.0000
vt 0.3165 0.5069 0.0000
vt 0.2940 0.5066 0.0000
vt 0.7100 0.1042 0.0000
vt 0.6875 0.1143 0.0000
vt 0.6875 0.1042 0.0000
vt 0.7100 0.1143 0.0000
vt 0.1415 0.1820 0.0000
vt 0.1437 0.1831 0.0000
vt 0.1414 0.1831 0.0000
vt 0.1437 0.1820 0.0000
vt 0.1719 0.0367 0.0000
vt 0.1670 0.0378 0.0000
vt 0.1670 0.0367 0.0000
vt 0.1719 0.0378 0.0000
vt 0.3587 0.0280 0.0000
vt 0.3611 0.0271 0.0000
vt 0.3610 0.0282 0.0000
vt 0.3588 0.0269 0.0000
vt 0.1960 0.1016 0.0000
vt 0.1976 0.1006 0.0000
vt 0.1975 0.1017 0.0000
vt 0.1961 0.1005 0.0000
vt 0.1367 0.0953 0.0000
vt 0.1311 0.0964 0.0000
vt 0.1311 0.0953 0.0000
vt 0.1367 0.0965 0.0000
vt 0.2889 0.1184 0.0000
vt 0.2992 0.1194 0.0000
vt 0.2889 0.1195 0.0000
vt 0.2992 0.1183 0.0000
vt 0.2372 0.1248 0.0000
vt 0.2291 0.1259 0.0000
vt 0.2292 0.1247 0.0000
vt 0.2370 0.1260 0.0000
vt 0.2976 0.0211 0.0000
vt 0.2992 0.0201 0.0000
vt 0.2991 0.0213 0.0000
vt 0.2977 0.0200 0.0000
vt 0.1719 0.0663 0.0000
vt 0.1663 0.0673 0.0000
vt 0.1663 0.0662 0.0000
vt 0.1719 0.0674 0.0000
vt 0.1027 0.1249 0.0000
vt 0.0971 0.1260 0.0000
vt 0.0971 0.1249 0.0000
vt 0.1027 0.1261 0.0000
vt 0.0746 0.2631 0.0000
vt 0.0657 0.2642 0.0000
vt 0.0657 0.2630 0.0000
vt 0.0746 0.2643 0.0000
vt 0.2800 0.2632 0.0000
vt 0.2570 0.2643 0.0000
vt 0.2570 0.2632 0.0000
vt 0.2800 0.2643 0.0000
vt 0.0206 0.4746 0.0000
vt 0.0293 0.4757 0.0000
vt 0.0206 0.4757 0.0000
vt 0.0293 0.4745 0.0000
vt 0.0452 0.3283 0.0000
vt 0.0438 0.3289 0.0000
vt 0.0438 0.3283 0.0000
vt 0.0451 0.3289 0.0000
vt 0.1990 0.2336 0.0000
vt 0.2003 0.2336 0.0000
vt 0.1991 0.2336 0.0000
vt 0.2002 0.2336 0.0000
vt 0.4896 0.1548 0.0000
vt 0.4671 0.1535 0.0000
vt 0.4896 0.1535 0.0000
vt 0.4671 0.1548 0.0000
vt 0.0357 0.0959 0.0000
vt 0.0355 0.0964 0.0000
vt 0.0356 0.0959 0.0000
vt 0.0368 0.0959 0.0000
vt 0.0369 0.0959 0.0000
vt 0.0369 0.0965 0.0000
vt 0.2004 0.3612 0.0000
vt 0.1779 0.3625 0.0000
vt 0.1779 0.3612 0.0000
vt 0.2004 0.3625 0.0000
vt 0.4381 0.0257 0.0000
vt 0.4303 0.0269 0.0000
vt 0.4303 0.0256 0.0000
vt 0.4381 0.0270 0.0000
vt 0.6341 0.1317 0.0000
vt 0.6571 0.1311 0.0000
vt 0.6571 0.1317 0.0000
vt 0.6346 0.1311 0.0000
vt 0.6346 0.1233 0.0000
vt 0.6571 0.1228 0.0000
vt 0.6571 0.1233 0.0000
vt 0.6341 0.1228 0.0000
vt 0.1976 0.1546 0.0000
vt 0.1886 0.1546 0.0000
vt 0.1886 0.1544 0.0000
vt 0.1976 0.1547 0.0000
vt 0.3870 0.1535 0.0000
vt 0.3639 0.1537 0.0000
vt 0.3639 0.1535 0.0000
vt 0.3870 0.1537 0.0000
vt 0.4666 0.2597 0.0000
vt 0.4896 0.2592 0.0000
vt 0.4896 0.2597 0.0000
vt 0.4671 0.2592 0.0000
vt 0.4671 0.2514 0.0000
vt 0.4896 0.2508 0.0000
vt 0.4896 0.2514 0.0000
vt 0.4666 0.2508 0.0000
vt 0.5536 0.0376 0.0000
vt 0.5305 0.0375 0.0000
vt 0.5536 0.0375 0.0000
vt 0.5305 0.0376 0.0000
vt 0.2508 0.2335 0.0000
vt 0.2598 0.2336 0.0000
vt 0.2508 0.2336 0.0000
vt 0.2598 0.2334 0.0000
vt 0.2615 0.2118 0.0000
vt 0.2845 0.2119 0.0000
vt 0.2615 0.2119 0.0000
vt 0.2845 0.2118 0.0000
vt 0.6870 0.0758 0.0000
vt 0.7100 0.0679 0.0000
vt 0.7100 0.0758 0.0000
vt 0.6870 0.0679 0.0000
vt 0.3639 0.2107 0.0000
vt 0.3870 0.2119 0.0000
vt 0.3639 0.2119 0.0000
vt 0.3870 0.2107 0.0000
vt 0.3124 0.1830 0.0000
vt 0.3355 0.1832 0.0000
vt 0.3124 0.1832 0.0000
vt 0.3355 0.1830 0.0000
vt 0.0389 0.2107 0.0000
vt 0.0404 0.2119 0.0000
vt 0.0389 0.2118 0.0000
vt 0.0404 0.2107 0.0000
vt 0.5311 0.1811 0.0000
vt 0.5536 0.1890 0.0000
vt 0.5311 0.1890 0.0000
vt 0.5536 0.1811 0.0000
vt 0.3130 0.2119 0.0000
vt 0.3355 0.2115 0.0000
vt 0.3355 0.2119 0.0000
vt 0.3130 0.2115 0.0000
vt 0.2295 0.2336 0.0000
vt 0.2216 0.2332 0.0000
vt 0.2295 0.2333 0.0000
vt 0.2216 0.2335 0.0000
vt 0.2285 0.2643 0.0000
vt 0.2060 0.2639 0.0000
vt 0.2285 0.2639 0.0000
vt 0.2060 0.2643 0.0000
vt 0.1065 0.3289 0.0000
vt 0.1143 0.3285 0.0000
vt 0.1143 0.3288 0.0000
vt 0.1065 0.3286 0.0000
vt 0.1558 0.4426 0.0000
vt 0.1333 0.4504 0.0000
vt 0.1333 0.4426 0.0000
vt 0.1558 0.4504 0.0000
vt 0.2423 0.1831 0.0000
vt 0.2548 0.1820 0.0000
vt 0.2548 0.1831 0.0000
vt 0.2423 0.1820 0.0000
vt 0.3803 0.1251 0.0000
vt 0.3870 0.1179 0.0000
vt 0.3870 0.1251 0.0000
vt 0.3791 0.1179 0.0000
vt 0.3791 0.1251 0.0000
vt 0.1011 0.1545 0.0000
vt 0.1017 0.1547 0.0000
vt 0.1011 0.1547 0.0000
vt 0.1017 0.1546 0.0000
vt 0.4818 0.0685 0.0000
vt 0.4829 0.0613 0.0000
vt 0.4897 0.0685 0.0000
vt 0.4818 0.0613 0.0000
vt 0.4897 0.0613 0.0000
vt 0.0287 0.2640 0.0000
vt 0.0369 0.2642 0.0000
vt 0.0372 0.2643 0.0000
vt 0.0356 0.2639 0.0000
vt 0.7423 0.0793 0.0000
vt 0.7649 0.0683 0.0000
vt 0.7654 0.0780 0.0000
vt 0.7418 0.0692 0.0000
vt 0.4379 0.2568 0.0000
vt 0.4157 0.2642 0.0000
vt 0.4155 0.2575 0.0000
vt 0.4381 0.2636 0.0000
vt 0.7655 0.6080 0.0000
vt 0.7523 0.6057 0.0000
vt 0.7654 0.6052 0.0000
vt 0.7523 0.6085 0.0000
vt 0.4065 0.5450 0.0000
vt 0.4147 0.5475 0.0000
vt 0.4065 0.5478 0.0000
vt 0.4146 0.5447 0.0000
vt 0.4896 0.0329 0.0000
vt 0.4725 0.0318 0.0000
vt 0.4896 0.0318 0.0000
vt 0.4725 0.0329 0.0000
vt 0.5163 0.1516 0.0000
vt 0.5535 0.1527 0.0000
vt 0.5163 0.1527 0.0000
vt 0.5524 0.1516 0.0000
vt 0.5535 0.1516 0.0000
vt 0.0716 0.5475 0.0000
vt 0.0954 0.5641 0.0000
vt 0.0687 0.5641 0.0000
vt 0.0960 0.5484 0.0000
vt 0.2311 0.5427 0.0000
vt 0.2578 0.5641 0.0000
vt 0.2275 0.5640 0.0000
vt 0.2578 0.5427 0.0000
vt 0.4015 0.3287 0.0000
vt 0.4110 0.3283 0.0000
vt 0.4110 0.3289 0.0000
vt 0.3823 0.3279 0.0000
vt 0.3823 0.3284 0.0000
vt 0.1652 0.1260 0.0000
vt 0.1719 0.1255 0.0000
vt 0.1719 0.1261 0.0000
vt 0.1652 0.1254 0.0000
vt 0.5908 0.0740 0.0000
vt 0.5971 0.0711 0.0000
vt 0.5974 0.0740 0.0000
vt 0.3076 0.6134 0.0000
vt 0.3076 0.6365 0.0000
vt 0.2996 0.6134 0.0000
vt 0.2996 0.6477 0.0000
vt 0.3663 0.6477 0.0000
vt 0.3165 0.6365 0.0000
vt 0.3165 0.6134 0.0000
vt 0.3663 0.6410 0.0000
vt 0.3663 0.6134 0.0000
vt 0.3735 0.6410 0.0000
vt 0.3735 0.6134 0.0000
vt 0.3736 0.6134 0.0000
vt 0.3868 0.6488 0.0000
vt 0.3735 0.6488 0.0000
vt 0.3868 0.6134 0.0000
vt 0.3355 0.1190 0.0000
vt 0.3282 0.1123 0.0000
vt 0.3355 0.1123 0.0000
vt 0.3282 0.1190 0.0000
vt 0.5589 0.6134 0.0000
vt 0.4086 0.6477 0.0000
vt 0.4086 0.6134 0.0000
vt 0.4720 0.6409 0.0000
vt 0.4720 0.6477 0.0000
vt 0.5230 0.6415 0.0000
vt 0.4793 0.6488 0.0000
vt 0.4793 0.6409 0.0000
vt 0.5230 0.6488 0.0000
vt 0.5297 0.6415 0.0000
vt 0.5589 0.6488 0.0000
vt 0.5297 0.6488 0.0000
vt 0.1210 0.8934 0.0000
vt 0.0576 0.8923 0.0000
vt 0.1210 0.8923 0.0000
vt 0.0576 0.8990 0.0000
vt 0.1283 0.8934 0.0000
vt 0.2079 0.8990 0.0000
vt 0.1720 0.8934 0.0000
vt 0.2079 0.8934 0.0000
vt 0.1840 0.8301 0.0000
vt 0.1772 0.8228 0.0000
vt 0.1840 0.8228 0.0000
vt 0.1761 0.8301 0.0000
vt 0.1761 0.8228 0.0000
vt 0.3797 0.0895 0.0000
vt 0.3870 0.0828 0.0000
vt 0.3870 0.0895 0.0000
vt 0.3797 0.0828 0.0000
vt 0.7651 0.5061 0.0000
vt 0.6148 0.4718 0.0000
vt 0.7651 0.4718 0.0000
vt 0.7017 0.4993 0.0000
vt 0.7017 0.5061 0.0000
vt 0.6944 0.5072 0.0000
vt 0.6507 0.4999 0.0000
vt 0.6944 0.4993 0.0000
vt 0.6507 0.5072 0.0000
vt 0.6440 0.4999 0.0000
vt 0.6148 0.5072 0.0000
vt 0.6440 0.5072 0.0000
vt 0.2079 0.9056 0.0000
vt 0.1445 0.9067 0.0000
vt 0.1445 0.9056 0.0000
vt 0.2079 0.9123 0.0000
vt 0.1372 0.9067 0.0000
vt 0.0576 0.9123 0.0000
vt 0.0576 0.9067 0.0000
vt 0.0935 0.9067 0.0000
vt 0.1502 0.8464 0.0000
vt 0.1570 0.8391 0.0000
vt 0.1570 0.8464 0.0000
vt 0.1491 0.8391 0.0000
vt 0.1491 0.8464 0.0000
# 1486 texture coords

g Obj_000040
usemtl 02___Default
f 1/1/1 2/1/2 3/1/1 
f 2/1/2 1/1/1 4/1/1 
f 5/1/1 6/1/1 7/1/1 
f 6/1/1 5/1/1 8/1/1 
f 3/1/1 9/1/1 10/1/1 
f 9/1/1 3/1/1 11/1/1 
f 9/1/1 11/1/1 12/1/1 
f 3/2/1 11/3/1 2/4/2 
f 12/1/1 11/1/1 13/1/1 
f 12/1/1 13/1/1 14/1/1 
f 14/1/1 13/1/1 6/1/1 
f 6/1/1 13/1/1 15/1/1 
f 15/1/1 6/1/1 7/1/1 
f 12/1/1 14/1/1 16/1/1 
f 12/1/1 16/1/1 17/1/1 
f 17/5/1 12/6/1 18/7/2 
f 10/1/1 19/1/1 17/1/1 
f 19/1/1 10/1/1 9/1/1 
f 10/1/1 17/1/1 20/1/1 
f 20/1/1 17/1/1 15/1/1 
f 20/1/1 15/1/1 1/1/1 
f 1/1/1 15/1/1 4/1/1 
f 4/1/1 15/1/1 13/1/1 
f 15/1/1 17/1/1 21/1/1 
f 21/1/1 17/1/1 5/1/1 
f 5/1/1 17/1/1 8/1/1 
f 8/1/1 17/1/1 16/1/1 
f 22/8/2 23/9/2 24/10/2 
f 23/9/2 22/8/2 25/11/2 
f 23/9/2 25/11/2 26/12/2 
f 23/9/2 26/12/2 27/13/2 
f 23/14/3 28/15/3 27/16/3 
f 28/15/3 23/14/3 29/17/3 
f 30/18/4 31/19/4 32/20/4 
f 31/19/4 30/18/4 33/21/5 
f 31/22/2 34/23/2 35/24/2 
f 34/23/2 31/22/2 33/25/2 
f 35/26/6 36/27/6 37/28/6 
f 36/27/6 35/26/6 34/29/6 
f 38/30/7 10/31/7 20/32/7 
f 10/31/7 38/30/7 39/33/7 
f 3/34/8 39/35/8 40/36/8 
f 39/35/8 3/34/8 10/37/8 
f 31/38/9 37/39/9 32/40/9 
f 37/39/9 31/38/9 35/41/10 
f 25/42/11 41/43/11 26/44/11 
f 41/43/11 25/42/11 42/45/11 
f 25/46/12 43/47/12 42/48/12 
f 43/47/12 25/46/12 22/49/12 
f 24/50/13 44/51/14 45/52/14 
f 44/51/14 24/50/13 29/53/13 
f 44/51/14 29/53/13 46/54/14 
f 44/51/14 46/54/14 47/55/14 
f 46/54/14 29/53/13 48/56/13 
f 29/53/13 24/50/13 23/57/14 
f 48/56/13 49/58/14 46/54/14 
f 49/58/14 48/56/13 50/59/14 
f 47/55/14 17/60/14 44/51/14 
f 17/60/14 47/55/14 19/61/14 
f 48/62/15 28/63/1 29/64/15 
f 28/63/1 48/62/15 51/65/1 
f 52/66/7 15/67/7 21/68/7 
f 15/67/7 52/66/7 53/69/7 
f 54/70/16 18/71/16 12/72/16 
f 18/71/16 54/70/16 55/73/16 
f 56/74/16 57/75/16 58/76/16 
f 57/75/16 56/74/16 59/77/16 
f 60/78/17 8/79/17 16/80/17 
f 8/79/17 60/78/17 61/81/17 
f 62/82/18 16/83/18 14/84/18 
f 16/83/18 62/82/18 60/85/18 
f 61/86/7 6/87/7 8/88/7 
f 6/87/7 61/86/7 63/89/7 
f 6/90/8 62/91/8 14/92/8 
f 62/91/8 6/90/8 63/93/8 
f 64/94/19 65/95/19 66/96/19 
f 65/95/19 64/94/19 67/97/19 
f 68/98/1 69/99/1 70/100/1 
f 69/99/1 68/98/1 71/101/1 
f 71/101/1 68/98/1 65/102/1 
f 69/99/1 71/101/1 58/103/1 
f 69/99/1 58/103/1 57/104/1 
f 69/99/1 57/104/1 72/105/1 
f 73/106/1 65/102/1 67/107/1 
f 65/102/1 73/106/1 71/101/1 
f 73/106/1 67/107/1 57/104/1 
f 57/104/1 67/107/1 72/105/1 
f 74/108/20 69/109/20 75/110/20 
f 69/109/20 74/108/20 70/111/20 
f 75/112/16 76/113/21 77/114/16 
f 76/113/21 75/112/16 69/115/21 
f 76/113/21 69/115/21 78/116/16 
f 78/116/16 69/115/21 72/117/16 
f 78/116/16 72/117/16 67/118/16 
f 78/116/16 67/118/16 64/119/16 
f 78/116/16 64/119/16 79/120/16 
f 73/121/20 59/122/20 80/123/20 
f 59/122/20 73/121/20 57/124/20 
f 11/125/18 81/126/18 13/127/18 
f 81/126/18 11/125/18 82/128/18 
f 83/129/22 84/130/22 85/131/22 
f 2/132/8 82/133/8 11/134/8 
f 82/133/8 2/132/8 86/135/8 
f 73/136/23 87/137/23 71/138/23 
f 87/137/23 73/136/23 80/139/23 
f 9/140/24 88/141/24 89/142/24 
f 88/141/24 9/140/24 90/143/24 
f 90/143/24 9/140/24 91/144/24 
f 48/145/25 92/146/25 51/147/25 
f 92/146/25 48/145/25 50/148/25 
f 74/149/16 18/150/16 55/151/16 
f 18/150/16 74/149/16 70/152/16 
f 18/150/16 70/152/16 17/153/21 
f 17/153/21 70/152/16 68/154/16 
f 17/153/21 68/154/16 65/155/21 
f 17/153/21 65/155/21 66/156/16 
f 17/153/21 66/156/16 44/157/16 
f 4/158/7 86/159/7 2/160/7 
f 86/159/7 4/158/7 93/161/7 
f 81/162/17 4/163/17 13/164/17 
f 4/163/17 81/162/17 93/165/17 
f 56/166/19 71/167/19 87/168/19 
f 71/167/19 56/166/19 58/169/19 
f 63/170/2 94/171/2 95/172/1 
f 94/171/2 63/170/2 61/173/2 
f 83/174/2 40/175/2 39/176/2 
f 40/175/2 83/174/2 86/177/2 
f 86/177/2 83/174/2 82/178/2 
f 82/178/2 83/174/2 96/179/2 
f 82/178/2 96/179/2 81/180/2 
f 81/180/2 96/179/2 62/181/2 
f 81/180/2 62/181/2 63/170/2 
f 81/180/2 63/170/2 53/182/2 
f 53/183/2 63/184/2 95/185/1 
f 62/181/2 96/179/2 60/186/2 
f 60/186/2 96/179/2 97/187/2 
f 98/188/26 99/189/26 100/190/26 
f 99/189/26 98/188/26 101/191/2 
f 99/189/26 101/191/2 39/176/2 
f 39/176/2 101/191/2 84/192/2 
f 39/176/2 84/192/2 83/174/2 
f 99/189/26 39/176/2 38/193/2 
f 99/189/26 38/193/2 53/182/2 
f 53/182/2 38/193/2 102/194/2 
f 53/182/2 102/194/2 93/195/2 
f 53/182/2 93/195/2 81/180/2 
f 99/189/26 53/182/2 52/196/2 
f 99/189/26 52/196/2 94/171/2 
f 99/189/26 94/171/2 61/173/2 
f 99/189/26 61/173/2 60/186/2 
f 99/189/26 60/186/2 97/187/2 
f 86/177/2 102/194/2 40/175/2 
f 102/194/2 86/177/2 93/195/2 
f 73/197/1 58/198/1 71/199/1 
f 58/198/1 73/197/1 57/200/1 
f 52/201/17 5/202/17 94/203/17 
f 5/202/17 52/201/17 21/204/17 
f 89/205/27 19/206/27 9/207/27 
f 19/206/27 89/205/27 103/208/27 
f 19/206/27 103/208/27 47/209/27 
f 27/210/2 50/211/2 23/212/2 
f 50/211/2 27/210/2 92/213/2 
f 7/214/18 94/215/18 5/216/18 
f 94/215/18 7/214/18 95/217/18 
f 7/218/8 53/219/8 95/220/8 
f 53/219/8 7/218/8 15/221/8 
f 80/222/1 56/223/1 87/224/1 
f 56/223/1 80/222/1 59/225/1 
f 38/226/17 1/227/17 102/228/17 
f 1/227/17 38/226/17 20/229/17 
f 40/230/18 1/231/18 3/232/18 
f 1/231/18 40/230/18 102/233/18 
f 19/234/27 91/235/27 9/236/27 
f 91/235/27 19/234/27 104/237/27 
f 46/238/14 19/239/14 47/240/14 
f 19/239/14 46/238/14 49/241/14 
f 19/239/14 49/241/14 104/242/14 
f 29/243/14 50/244/14 48/245/14 
f 50/244/14 29/243/14 23/246/14 
f 22/247/10 33/248/10 43/249/10 
f 33/248/10 22/247/10 24/250/9 
f 33/248/10 24/250/9 34/251/9 
f 34/251/9 24/250/9 36/252/10 
f 36/252/10 24/250/9 45/253/10 
f 30/254/10 43/249/10 33/248/10 
f 105/255/28 106/256/28 107/257/28 
f 108/258/29 106/259/29 109/260/29 
f 108/261/30 110/262/30 106/263/30 
f 108/264/31 111/265/31 110/266/31 
f 33/267/5 112/268/5 113/269/5 
f 112/268/5 33/267/5 30/270/5 
f 108/271/32 34/272/32 111/273/32 
f 114/274/33 34/275/33 108/276/33 
f 110/277/31 111/278/31 115/279/31 
f 115/280/34 116/281/34 113/282/34 
f 116/281/34 115/280/34 111/283/34 
f 106/284/35 110/285/35 117/286/35 
f 110/287/36 115/288/36 117/289/36 
f 105/290/2 109/291/2 106/292/2 
f 109/291/2 105/290/2 118/293/2 
f 115/294/37 119/295/37 120/296/37 
f 117/297/38 115/298/38 120/299/38 
f 119/300/39 121/301/39 122/302/39 
f 122/303/40 121/304/40 123/305/40 
f 122/306/41 124/307/41 125/308/41 
f 124/307/41 122/306/41 123/309/41 
f 126/310/5 125/311/5 122/312/5 
f 125/311/5 126/310/5 127/313/5 
f 128/314/42 129/315/42 107/316/42 
f 130/317/43 129/318/43 128/319/43 
f 131/320/44 128/321/44 130/322/44 
f 132/323/45 130/324/45 133/325/45 
f 132/326/46 133/327/46 134/328/46 
f 113/329/47 126/330/47 122/331/47 
f 113/332/47 33/333/47 126/334/47 
f 115/335/39 119/336/39 122/337/39 
f 115/338/48 122/339/48 113/340/48 
f 135/341/1 136/342/1 137/343/1 
f 136/342/1 135/341/1 138/344/1 
f 138/344/1 135/341/1 139/345/1 
f 139/345/1 135/341/1 140/346/1 
f 140/346/1 135/341/1 141/347/1 
f 140/346/1 142/348/1 139/345/1 
f 143/349/49 144/350/49 145/351/49 
f 144/350/49 143/349/49 146/352/49 
f 141/353/50 145/354/50 140/355/50 
f 145/354/50 141/353/50 144/356/50 
f 130/357/51 129/358/51 147/359/51 
f 130/360/52 147/361/52 133/362/52 
f 119/363/53 148/364/53 121/365/53 
f 149/366/2 132/367/2 134/368/2 
f 132/367/2 149/366/2 150/369/2 
f 150/370/1 151/371/1 149/372/1 
f 151/371/1 150/370/1 152/373/1 
f 118/374/54 153/375/54 154/376/54 
f 118/377/55 105/378/55 153/379/55 
f 153/380/56 105/381/56 128/382/56 
f 128/383/57 105/384/57 107/385/57 
f 137/386/58 153/387/58 128/388/58 
f 137/389/59 128/390/59 131/391/59 
f 154/392/60 153/393/60 135/394/60 
f 135/395/61 153/396/61 137/397/61 
f 150/398/62 155/399/62 152/400/62 
f 155/399/62 150/398/62 156/401/62 
f 130/402/63 157/403/63 131/404/64 
f 157/403/63 130/402/63 132/405/63 
f 131/404/64 157/403/63 158/406/2 
f 131/407/64 158/408/2 159/409/1 
f 131/410/64 159/411/1 160/412/2 
f 152/413/65 161/414/65 162/415/66 
f 161/414/65 152/413/65 163/416/65 
f 163/416/65 152/413/65 155/417/66 
f 151/418/67 152/419/67 164/420/67 
f 152/421/68 162/422/68 164/423/68 
f 165/424/1 166/425/1 167/426/2 
f 166/425/1 165/424/1 168/427/1 
f 165/428/1 168/429/1 169/430/2 
f 164/431/1 167/432/2 162/433/2 
f 164/434/1 167/426/2 166/425/1 
f 120/435/69 148/436/69 119/437/69 
f 120/438/3 170/439/3 171/440/3 
f 170/439/3 120/438/3 117/441/3 
f 107/442/25 172/443/25 173/444/25 
f 172/443/25 107/442/25 129/445/25 
f 129/446/2 117/447/2 120/448/2 
f 117/447/2 129/446/2 107/449/2 
f 120/450/70 174/451/70 148/452/70 
f 174/451/70 120/450/70 129/453/70 
f 175/454/41 113/455/41 112/456/41 
f 113/455/41 175/454/41 111/457/71 
f 113/458/41 111/459/71 116/460/2 
f 143/461/72 176/462/72 177/463/72 
f 176/462/72 143/461/72 146/464/72 
f 120/465/73 172/466/73 129/467/73 
f 172/466/73 120/465/73 171/468/73 
f 147/469/74 174/470/74 148/471/74 
f 174/470/74 147/469/74 129/472/74 
f 106/473/75 117/474/75 107/475/75 
f 101/476/12 22/477/12 25/478/12 
f 22/477/12 101/476/12 98/479/12 
f 98/480/10 24/481/10 22/482/10 
f 24/481/10 98/480/10 100/483/10 
f 84/484/22 96/485/22 83/486/2 
f 92/487/22 26/488/22 27/489/1 
f 75/490/1 55/491/1 74/492/1 
f 55/491/1 75/490/1 77/493/1 
f 103/494/1 88/495/1 178/496/1 
f 88/495/1 103/494/1 89/497/1 
f 179/498/76 46/499/76 180/500/76 
f 46/499/76 179/498/76 49/501/76 
f 90/502/76 178/503/76 88/504/76 
f 178/503/76 90/502/76 181/505/76 
f 92/506/2 49/507/2 50/508/2 
f 49/507/2 92/506/2 181/509/2 
f 181/509/2 92/506/2 90/510/2 
f 49/507/2 181/509/2 179/511/2 
f 44/512/1 64/513/1 66/514/1 
f 64/513/1 44/512/1 79/515/1 
f 77/516/19 18/517/19 55/518/19 
f 18/517/19 77/516/19 76/519/19 
f 18/517/19 76/519/19 97/520/19 
f 181/521/76 180/522/76 178/523/76 
f 180/522/76 181/521/76 179/524/76 
f 179/525/2 104/526/2 49/527/2 
f 104/526/2 179/525/2 181/528/2 
f 104/526/2 181/528/2 91/529/2 
f 91/529/2 181/528/2 90/530/2 
f 9/531/24 88/532/24 89/533/24 
f 88/532/24 9/531/24 90/534/24 
f 90/534/24 9/531/24 91/535/24 
f 9/536/24 88/537/24 89/538/24 
f 88/537/24 9/536/24 90/539/24 
f 90/539/24 9/536/24 91/540/24 
f 47/541/1 180/542/1 46/543/1 
f 180/542/1 47/541/1 178/544/1 
f 178/544/1 47/541/1 103/545/1 
f 100/546/14 23/547/77 24/548/14 
f 23/547/77 100/546/14 104/549/13 
f 104/549/13 100/546/14 99/550/13 
f 19/551/14 99/550/13 17/552/14 
f 99/550/13 19/551/14 104/549/13 
f 23/553/77 49/554/2 50/555/2 
f 49/554/2 23/553/77 104/556/13 
f 84/557/11 25/558/11 26/559/11 
f 25/558/11 84/557/11 101/560/11 
f 17/561/16 97/562/16 18/563/16 
f 97/562/16 17/561/16 99/564/16 
f 17/565/20 79/566/20 44/567/20 
f 79/566/20 17/565/20 78/568/20 
f 78/568/20 17/565/20 99/569/20 
f 18/570/16 96/571/16 12/572/16 
f 96/571/16 18/570/16 97/573/16 
f 76/574/2 99/575/2 97/576/2 
f 99/575/2 76/574/2 78/577/2 
f 182/578/2 183/578/2 184/578/2 
f 183/578/2 182/578/2 185/578/2 
f 185/578/2 186/578/2 187/578/2 
f 186/578/2 185/578/2 182/578/2 
f 186/578/2 182/578/2 188/578/2 
f 186/578/2 188/578/2 176/578/2 
f 186/578/2 176/578/2 189/578/2 
f 189/578/2 176/578/2 190/578/2 
f 191/579/1 175/580/1 191/579/1 
f 175/580/1 191/579/1 45/581/1 
f 175/580/1 45/581/1 192/582/1 
f 192/582/1 45/581/1 193/583/1 
f 193/583/1 45/581/1 194/584/1 
f 194/584/1 45/581/1 195/585/1 
f 195/585/1 45/581/1 196/586/1 
f 196/586/1 45/581/1 197/587/1 
f 197/587/1 45/581/1 198/588/1 
f 198/588/1 45/581/1 199/589/1 
f 199/589/1 45/581/1 200/590/1 
f 200/590/1 45/581/1 201/591/1 
f 201/591/1 45/581/1 201/591/1 
f 201/592/1 45/593/1 202/594/1 
f 202/595/1 45/596/1 203/597/2 
f 202/598/1 203/599/2 204/600/1 
f 202/598/1 204/600/1 205/601/1 
f 204/602/1 203/603/2 206/604/2 
f 203/605/2 45/605/1 207/605/1 
f 203/605/2 207/605/1 208/605/1 
f 208/606/1 207/607/1 209/608/2 
f 207/605/1 45/605/1 210/605/1 
f 211/609/1 192/582/1 212/610/1 
f 192/582/1 211/609/1 213/611/1 
f 192/582/1 213/611/1 214/612/1 
f 192/582/1 214/612/1 215/613/1 
f 192/582/1 215/613/1 216/614/1 
f 192/582/1 216/614/1 217/615/1 
f 192/582/1 217/615/1 175/580/1 
f 185/616/5 191/617/5 175/618/5 
f 191/617/5 185/616/5 187/619/5 
f 183/620/10 175/621/10 217/622/10 
f 175/621/10 183/620/10 185/623/10 
f 183/624/78 212/625/78 184/626/78 
f 212/625/78 183/624/78 211/627/78 
f 211/627/78 183/624/78 213/628/78 
f 213/628/78 183/624/78 214/629/79 
f 214/629/79 183/624/78 215/630/78 
f 215/630/78 183/624/78 216/631/78 
f 216/631/78 183/624/78 217/632/78 
f 182/633/27 212/634/27 192/635/27 
f 212/636/27 182/637/27 184/638/27 
f 201/639/80 200/640/81 201/639/1 
f 200/641/81 201/642/80 188/643/82 
f 188/643/82 201/642/80 176/644/82 
f 176/645/14 201/646/14 190/647/14 
f 190/647/14 201/646/14 202/648/14 
f 190/647/14 202/648/14 205/649/14 
f 204/650/14 190/651/14 205/652/14 
f 190/651/14 204/650/14 189/653/14 
f 189/654/14 204/655/13 186/656/14 
f 186/656/14 204/655/13 206/657/13 
f 186/658/14 206/659/13 203/660/13 
f 186/658/14 203/660/13 208/661/77 
f 186/658/14 208/661/77 209/662/83 
f 186/658/14 209/662/83 207/663/14 
f 186/658/14 207/663/14 210/664/14 
f 186/658/14 210/664/14 45/665/14 
f 191/666/84 45/667/85 191/666/1 
f 45/668/85 191/669/84 186/670/10 
f 186/670/10 191/669/84 187/671/10 
f 218/672/5 175/673/5 185/674/5 
f 175/675/5 218/676/5 36/677/5 
f 219/678/2 220/679/2 221/680/2 
f 220/679/2 219/678/2 222/681/2 
f 220/679/2 222/681/2 223/682/2 
f 223/682/2 222/681/2 224/682/2 
f 196/683/2 225/684/2 226/685/2 
f 225/684/2 196/683/2 197/686/2 
f 227/687/2 228/688/2 229/689/2 
f 228/688/2 227/687/2 230/690/2 
f 230/691/2 231/692/2 228/693/2 
f 231/692/2 230/691/2 232/694/2 
f 233/695/2 234/696/2 235/697/2 
f 234/696/2 233/695/2 236/698/2 
f 236/699/2 237/700/2 234/701/2 
f 237/700/2 236/699/2 238/702/2 
f 239/703/2 240/704/2 241/705/2 
f 240/704/2 239/703/2 242/706/2 
f 242/707/2 243/708/2 240/709/2 
f 243/708/2 242/707/2 244/710/2 
f 245/711/2 246/712/2 247/713/2 
f 246/712/2 245/711/2 248/714/2 
f 248/715/2 235/716/2 246/717/2 
f 235/716/2 248/715/2 233/718/2 
f 249/719/2 250/720/2 251/721/2 
f 250/720/2 249/719/2 252/722/2 
f 250/720/2 252/722/2 253/723/2 
f 253/723/2 252/722/2 66/724/2 
f 244/725/2 251/726/2 243/727/2 
f 251/726/2 244/725/2 249/728/2 
f 254/729/2 255/730/2 256/731/2 
f 255/730/2 254/729/2 257/732/2 
f 232/733/2 258/734/2 231/735/2 
f 258/734/2 232/733/2 259/736/2 
f 258/734/2 259/736/2 247/737/2 
f 247/737/2 259/736/2 245/738/2 
f 238/739/2 241/740/2 237/741/2 
f 241/740/2 238/739/2 239/742/2 
f 260/743/86 180/744/86 261/745/86 
f 180/744/86 260/743/86 179/746/86 
f 179/746/86 260/743/86 262/747/86 
f 256/748/27 263/749/27 254/750/27 
f 263/749/27 256/748/27 142/751/27 
f 264/752/2 142/753/2 136/754/2 
f 142/753/2 264/752/2 263/755/2 
f 265/756/87 252/757/87 66/758/86 
f 252/757/87 265/756/87 249/759/87 
f 249/759/87 265/756/87 244/760/86 
f 244/760/86 265/756/87 242/761/87 
f 242/761/87 265/756/87 239/762/87 
f 239/762/87 265/756/87 238/763/87 
f 238/763/87 265/756/87 236/764/86 
f 236/764/86 265/756/87 233/765/86 
f 233/765/86 265/756/87 248/766/86 
f 248/766/86 265/756/87 245/767/87 
f 245/767/87 265/756/87 259/768/86 
f 259/768/86 265/756/87 232/769/87 
f 232/769/87 265/756/87 230/770/87 
f 230/770/87 265/756/87 227/771/86 
f 227/771/86 265/756/87 257/772/87 
f 257/772/87 265/756/87 254/773/87 
f 254/773/87 265/756/87 263/774/87 
f 263/774/87 265/756/87 264/775/86 
f 264/775/86 265/756/87 266/776/86 
f 266/776/86 265/756/87 267/777/86 
f 264/775/86 268/778/86 269/779/86 
f 268/778/86 264/775/86 270/780/86 
f 270/780/86 264/775/86 271/781/87 
f 271/781/87 264/775/86 266/776/86 
f 270/780/86 271/781/87 272/782/86 
f 257/783/2 229/784/2 255/785/2 
f 229/784/2 257/783/2 227/786/2 
f 270/787/88 220/788/88 273/789/72 
f 220/788/88 270/787/88 274/790/88 
f 274/790/88 270/787/88 275/791/88 
f 275/791/88 270/787/88 268/792/72 
f 276/793/88 196/794/89 277/795/72 
f 196/794/89 276/793/88 278/796/88 
f 196/794/89 278/796/88 226/797/90 
f 278/798/1 279/799/1 280/800/1 
f 279/799/1 278/798/1 276/801/1 
f 281/802/87 277/803/86 282/804/86 
f 277/803/86 281/802/87 276/805/87 
f 276/805/87 281/802/87 279/806/86 
f 279/806/86 283/807/86 284/808/86 
f 283/807/86 279/806/86 285/809/86 
f 285/809/86 279/806/86 281/802/87 
f 282/810/91 263/811/91 281/812/91 
f 263/811/91 282/810/91 254/813/91 
f 285/814/2 263/815/2 264/816/2 
f 263/815/2 285/814/2 281/817/2 
f 264/818/90 283/819/90 285/820/90 
f 283/819/90 264/818/90 269/821/90 
f 139/822/90 256/823/92 142/824/90 
f 256/823/92 139/822/90 197/823/93 
f 197/823/93 139/822/90 225/825/72 
f 139/826/1 136/827/1 138/828/1 
f 136/827/1 139/826/1 142/829/1 
f 145/830/86 140/831/86 143/832/87 
f 143/832/87 251/833/86 250/834/94 
f 251/833/86 143/832/87 243/835/87 
f 243/835/87 143/832/87 240/836/87 
f 240/836/87 143/832/87 241/837/86 
f 241/837/86 143/832/87 237/838/87 
f 237/838/87 143/832/87 234/839/87 
f 234/839/87 143/832/87 235/840/87 
f 235/840/87 143/832/87 246/841/86 
f 246/841/86 143/832/87 247/842/86 
f 247/842/86 143/832/87 258/843/87 
f 258/843/87 143/832/87 231/844/87 
f 231/844/87 143/832/87 228/845/87 
f 228/845/87 143/832/87 229/846/86 
f 229/846/86 143/832/87 255/847/87 
f 255/847/87 143/832/87 256/848/87 
f 256/848/87 143/832/87 142/849/86 
f 142/849/86 143/832/87 140/831/86 
f 136/850/86 192/851/86 194/852/86 
f 192/851/86 136/850/86 137/853/86 
f 277/854/2 197/855/2 196/856/2 
f 197/855/2 277/854/2 254/857/2 
f 254/857/2 277/854/2 282/858/2 
f 197/855/2 254/857/2 256/855/2 
f 270/859/1 286/860/1 287/861/1 
f 286/860/1 270/859/1 273/862/1 
f 286/860/1 273/862/1 288/863/1 
f 288/863/1 273/862/1 289/864/1 
f 289/864/1 273/862/1 290/865/1 
f 290/865/1 273/862/1 291/866/1 
f 292/867/2 275/868/2 293/869/2 
f 275/868/2 292/867/2 274/870/2 
f 221/871/2 274/872/2 292/873/2 
f 274/872/2 221/871/2 220/874/2 
f 132/875/27 291/876/27 294/877/27 
f 291/876/27 132/875/27 157/878/27 
f 291/876/27 157/878/27 158/879/27 
f 291/876/27 158/879/27 290/880/27 
f 290/880/27 158/879/27 159/881/27 
f 290/880/27 159/881/27 289/882/27 
f 289/882/27 159/881/27 160/883/27 
f 289/882/27 160/883/27 288/884/27 
f 288/884/27 160/883/27 286/885/27 
f 286/885/27 160/883/27 131/886/27 
f 286/885/27 131/886/27 287/887/27 
f 287/887/27 131/886/27 137/888/27 
f 287/887/27 137/888/27 295/889/27 
f 212/890/27 132/891/95 219/892/27 
f 132/891/95 212/890/27 157/893/27 
f 157/893/27 212/890/27 158/894/27 
f 158/894/27 212/890/27 159/895/95 
f 159/895/95 212/890/27 160/896/27 
f 160/896/27 212/890/27 192/897/27 
f 160/896/27 192/897/27 131/898/27 
f 131/898/27 192/897/27 137/899/27 
f 138/900/90 194/901/90 136/902/90 
f 194/901/90 138/900/90 296/903/90 
f 297/904/86 250/905/86 253/906/86 
f 250/905/86 297/904/86 143/907/86 
f 143/907/86 297/904/86 145/908/87 
f 145/908/87 297/904/86 261/909/96 
f 261/909/96 297/904/86 260/910/86 
f 145/911/87 142/912/86 140/913/87 
f 142/912/86 145/911/87 136/914/86 
f 136/914/86 145/911/87 137/915/86 
f 137/915/86 145/911/87 180/916/97 
f 137/915/86 180/916/97 295/917/86 
f 180/918/97 145/919/87 261/920/96 
f 295/917/86 180/916/97 179/921/86 
f 296/922/98 280/923/98 298/924/98 
f 280/923/98 296/922/98 138/925/98 
f 280/923/98 138/925/98 278/926/98 
f 278/926/98 225/927/98 226/928/98 
f 225/927/98 278/926/98 139/929/98 
f 139/929/98 278/926/98 138/925/98 
f 299/930/1 300/931/1 301/932/1 
f 300/931/1 299/930/1 302/933/1 
f 301/934/1 303/935/1 304/936/1 
f 303/935/1 301/934/1 300/937/1 
f 304/938/1 305/939/1 306/940/1 
f 305/939/1 304/938/1 303/941/1 
f 306/942/1 307/943/1 308/944/1 
f 307/943/1 306/942/1 305/945/1 
f 308/946/1 309/947/1 310/946/1 
f 309/947/1 308/946/1 307/948/1 
f 310/949/1 311/950/1 312/951/1 
f 311/950/1 310/949/1 309/952/1 
f 312/953/1 313/954/1 314/955/1 
f 313/954/1 312/953/1 311/956/1 
f 314/957/1 315/958/1 316/959/1 
f 315/958/1 314/957/1 313/960/1 
f 316/961/1 317/962/1 318/963/1 
f 317/962/1 316/961/1 315/964/1 
f 318/965/1 319/966/1 320/967/1 
f 319/966/1 318/965/1 317/968/1 
f 321/969/2 322/970/2 323/971/2 
f 322/970/2 321/969/2 324/972/2 
f 325/973/1 326/974/1 327/975/1 
f 326/974/1 325/973/1 328/976/1 
f 329/977/2 330/978/2 331/979/2 
f 330/978/2 329/977/2 332/980/2 
f 333/981/1 334/982/1 335/983/1 
f 334/982/1 333/981/1 336/984/1 
f 337/985/2 338/986/2 339/987/2 
f 338/986/2 337/985/2 340/988/2 
f 341/989/1 342/990/1 343/991/1 
f 342/990/1 341/989/1 344/992/1 
f 345/993/2 346/994/2 347/995/2 
f 346/994/2 345/993/2 348/996/2 
f 349/997/2 350/998/2 351/999/2 
f 350/998/2 349/997/2 352/1000/2 
f 353/1001/1 354/1002/1 355/1003/1 
f 354/1002/1 353/1001/1 356/1004/1 
f 352/1005/99 353/1006/99 350/1007/99 
f 353/1006/99 352/1005/99 356/1008/99 
f 355/1009/100 349/1010/100 351/1011/100 
f 349/1010/100 355/1009/100 354/1012/100 
f 348/1013/99 341/1014/99 346/1015/99 
f 341/1014/99 348/1013/99 344/1016/99 
f 343/1017/100 345/1018/100 347/1019/100 
f 345/1018/100 343/1017/100 342/1020/100 
f 319/1021/101 349/1022/101 321/1023/102 
f 349/1022/101 319/1021/101 317/1024/101 
f 349/1022/101 317/1024/101 352/1025/102 
f 352/1025/102 317/1024/101 315/1026/102 
f 352/1025/102 315/1026/102 313/1027/102 
f 352/1025/102 313/1027/102 356/1028/101 
f 356/1028/101 313/1027/102 345/1029/103 
f 345/1029/103 313/1027/102 348/1030/101 
f 348/1030/101 313/1027/102 311/1031/101 
f 348/1030/101 311/1031/101 309/1032/102 
f 348/1030/101 309/1032/102 344/1033/102 
f 344/1033/102 309/1032/102 337/1034/104 
f 337/1034/104 309/1032/102 340/1035/102 
f 340/1035/102 309/1032/102 307/1036/105 
f 340/1035/102 307/1036/105 305/1037/102 
f 340/1035/102 305/1037/102 303/1038/102 
f 340/1035/102 303/1038/102 300/1039/102 
f 340/1035/102 300/1039/102 336/1040/101 
f 336/1040/101 300/1039/102 329/1041/101 
f 329/1041/101 300/1039/102 332/1042/101 
f 332/1042/101 300/1039/102 302/1043/101 
f 332/1042/101 302/1043/101 357/1044/101 
f 332/1042/101 357/1044/101 328/1045/101 
f 321/1023/102 354/1046/102 324/1047/101 
f 354/1046/102 321/1023/102 349/1022/101 
f 324/1047/101 354/1046/102 356/1028/101 
f 324/1047/101 356/1028/101 342/1048/106 
f 342/1048/106 356/1028/101 345/1029/103 
f 324/1047/101 342/1048/106 344/1033/102 
f 324/1047/101 344/1033/102 334/1049/107 
f 334/1049/107 344/1033/102 337/1034/104 
f 324/1047/101 334/1049/107 336/1040/101 
f 324/1047/101 336/1040/101 326/1050/102 
f 326/1050/102 336/1040/101 329/1041/101 
f 324/1047/101 326/1050/102 328/1045/101 
f 324/1047/101 328/1045/101 357/1044/101 
f 323/1051/108 355/1052/108 351/1053/109 
f 355/1052/108 323/1051/108 322/1054/109 
f 355/1052/108 322/1054/109 353/1055/109 
f 353/1055/109 322/1054/109 343/1056/110 
f 353/1055/109 343/1056/110 350/1057/108 
f 343/1056/110 322/1054/109 341/1058/109 
f 341/1058/109 322/1054/109 335/1059/111 
f 341/1058/109 335/1059/111 346/1060/108 
f 335/1059/111 322/1054/109 333/1061/109 
f 333/1061/109 322/1054/109 327/1062/108 
f 333/1061/109 327/1062/108 338/1063/108 
f 327/1062/108 322/1054/109 325/1064/109 
f 325/1064/109 322/1054/109 358/1065/109 
f 320/1066/109 351/1053/109 318/1067/109 
f 351/1053/109 320/1066/109 323/1051/108 
f 318/1067/109 351/1053/109 350/1057/108 
f 318/1067/109 350/1057/108 316/1068/108 
f 316/1068/108 350/1057/108 314/1069/108 
f 314/1069/108 350/1057/108 347/1070/108 
f 347/1070/108 350/1057/108 343/1056/110 
f 314/1069/108 347/1070/108 346/1060/108 
f 314/1069/108 346/1060/108 312/1071/108 
f 312/1071/108 346/1060/108 310/1072/108 
f 310/1072/108 346/1060/108 339/1073/109 
f 339/1073/109 346/1060/108 335/1059/111 
f 310/1072/108 339/1073/109 338/1063/108 
f 310/1072/108 338/1063/108 308/1074/112 
f 308/1074/112 338/1063/108 306/1075/108 
f 306/1075/108 338/1063/108 304/1076/108 
f 304/1076/108 338/1063/108 301/1077/108 
f 301/1077/108 338/1063/108 331/1078/109 
f 331/1078/109 338/1063/108 327/1062/108 
f 301/1077/108 331/1078/109 330/1079/109 
f 301/1077/108 330/1079/109 299/1080/109 
f 299/1080/109 330/1079/109 358/1065/109 
f 358/1065/109 330/1079/109 325/1064/109 
f 322/1081/100 357/1082/100 358/1083/100 
f 357/1082/100 322/1081/100 324/1084/100 
f 319/1085/99 323/1086/99 320/1087/99 
f 323/1086/99 319/1085/99 321/1088/99 
f 339/1089/100 334/1090/100 337/1091/100 
f 334/1090/100 339/1089/100 335/1092/100 
f 336/1093/99 338/1094/99 340/1095/99 
f 338/1094/99 336/1093/99 333/1096/99 
f 328/1097/99 330/1098/99 332/1099/99 
f 330/1098/99 328/1097/99 325/1100/99 
f 331/1101/100 326/1102/100 329/1103/100 
f 326/1102/100 331/1101/100 327/1104/100 
f 358/1105/1 302/1106/1 299/1107/1 
f 302/1106/1 358/1105/1 357/1108/1 
f 359/1109/113 360/1110/113 361/1111/113 
f 360/1110/113 359/1109/113 362/1112/113 
f 362/1112/113 359/1109/113 363/1113/113 
f 359/1114/114 364/1115/114 363/1116/114 
f 364/1115/114 359/1114/114 365/1117/114 
f 364/1118/115 362/1119/115 363/1120/115 
f 362/1119/115 364/1118/115 366/1121/115 
f 366/1122/115 360/1123/115 362/1124/115 
f 360/1123/115 366/1122/115 367/1125/115 
f 367/1126/116 361/1127/116 360/1128/116 
f 361/1127/116 367/1126/116 368/1129/116 
f 361/1130/117 365/1131/117 359/1132/117 
f 365/1131/117 361/1130/117 368/1133/117 
f 367/1134/118 365/1135/118 368/1136/118 
f 365/1135/118 367/1134/118 366/1137/118 
f 365/1135/118 366/1137/118 364/1138/118 
f 369/1139/119 370/1140/119 371/1141/119 
f 370/1140/119 369/1139/119 372/1142/119 
f 372/1142/119 369/1139/119 373/1143/119 
f 369/1144/120 374/1145/6 373/1146/6 
f 374/1145/6 369/1144/120 375/1147/120 
f 374/1148/121 372/1149/121 373/1150/121 
f 372/1149/121 374/1148/121 376/1151/121 
f 376/1152/121 370/1153/121 372/1154/121 
f 370/1153/121 376/1152/121 377/1155/121 
f 377/1156/4 371/1157/4 370/1158/4 
f 371/1157/4 377/1156/4 378/1159/4 
f 371/1160/122 375/1161/122 369/1162/122 
f 375/1161/122 371/1160/122 378/1163/122 
f 377/1164/123 375/1165/123 378/1166/123 
f 375/1165/123 377/1164/123 376/1167/123 
f 375/1165/123 376/1167/123 374/1168/123 
f 379/1169/72 380/1170/72 381/1171/72 
f 380/1170/72 379/1169/72 382/1172/72 
f 284/1173/1 380/1174/1 382/1175/1 
f 380/1174/1 284/1173/1 383/1176/1 
f 384/1177/86 380/1178/86 383/1179/86 
f 380/1178/86 384/1177/86 381/1180/86 
f 381/1181/2 279/1182/2 379/1183/2 
f 279/1182/2 381/1181/2 384/1184/2 
f 379/1185/98 284/1186/98 382/1187/98 
f 284/1186/98 379/1185/98 279/1188/98 
f 383/1189/27 279/1190/27 384/1191/27 
f 279/1190/27 383/1189/27 284/1192/27 
f 385/1193/2 386/1194/2 387/1195/2 
f 386/1194/2 385/1193/2 388/1196/2 
f 389/1197/1 390/1198/1 391/1199/1 
f 390/1198/1 389/1197/1 392/1200/1 
f 393/1201/1 392/1202/1 389/1203/1 
f 392/1202/1 393/1201/1 394/1204/1 
f 395/1205/1 396/1206/1 397/1207/1 
f 396/1206/1 395/1205/1 398/1208/1 
f 391/1209/1 398/1210/1 395/1211/1 
f 398/1210/1 391/1209/1 390/1212/1 
f 388/1213/2 399/1214/2 386/1215/2 
f 399/1214/2 388/1213/2 161/1216/2 
f 74/1217/1 400/1218/1 401/1219/1 
f 400/1218/1 74/1217/1 402/1220/1 
f 403/1221/1 394/1222/1 393/1223/1 
f 394/1222/1 403/1221/1 404/1224/1 
f 405/1225/1 404/1226/1 403/1227/1 
f 404/1226/1 405/1225/1 406/1228/1 
f 397/1229/1 407/1230/1 408/1231/1 
f 407/1230/1 397/1229/1 396/1232/1 
f 409/1233/1 162/1234/1 410/1235/1 
f 162/1234/1 409/1233/1 169/1236/1 
f 161/1237/124 410/1238/124 162/1239/124 
f 410/1238/124 161/1237/124 399/1240/124 
f 411/1241/2 408/1242/2 412/1243/2 
f 408/1242/2 411/1241/2 407/1244/2 
f 413/1245/2 414/1246/2 415/1247/2 
f 414/1246/2 413/1245/2 416/1248/2 
f 414/1249/2 416/1250/2 401/1251/1 
f 401/1251/1 416/1250/2 400/1252/1 
f 415/1253/124 417/1254/124 413/1255/124 
f 417/1254/124 415/1253/124 418/1256/124 
f 399/1257/2 419/1258/2 420/1259/2 
f 419/1258/2 399/1257/2 161/1260/2 
f 419/1258/2 161/1260/2 421/1261/2 
f 419/1258/2 421/1261/2 422/1262/2 
f 422/1263/125 423/1264/125 424/1265/125 
f 423/1264/125 422/1263/125 419/1266/125 
f 418/1267/1 424/1268/1 423/1269/1 
f 424/1268/1 418/1267/1 417/1270/1 
f 425/1271/126 415/1272/126 414/1273/126 
f 415/1272/126 425/1271/126 418/1274/126 
f 418/1274/126 425/1271/126 423/1275/126 
f 423/1275/126 420/1276/126 419/1277/126 
f 420/1276/126 423/1275/126 426/1278/126 
f 426/1278/126 423/1275/126 425/1271/126 
f 425/1279/1 410/1280/1 426/1281/1 
f 410/1280/1 425/1279/1 409/1282/1 
f 399/1283/125 426/1284/125 410/1285/125 
f 426/1284/125 399/1283/125 420/1286/125 
f 165/1287/127 413/1288/128 416/1289/128 
f 413/1288/128 165/1287/127 417/1290/127 
f 417/1290/127 165/1287/127 424/1291/126 
f 424/1291/126 421/1292/128 422/1293/128 
f 421/1292/128 424/1291/126 167/1294/126 
f 167/1294/126 424/1291/126 165/1287/127 
f 400/1295/125 165/1296/125 416/1297/125 
f 165/1296/125 400/1295/125 169/1298/125 
f 167/1299/2 169/1300/2 162/1301/2 
f 169/1300/2 167/1299/2 165/1302/2 
f 162/1303/129 421/1304/129 167/1305/129 
f 421/1304/129 162/1303/129 161/1306/129 
f 169/1307/130 402/1308/130 400/1309/130 
f 402/1308/130 169/1307/130 168/1310/130 
f 409/1311/131 400/1312/131 169/1313/131 
f 400/1312/131 409/1311/131 401/1314/131 
f 425/1315/132 401/1316/132 409/1317/132 
f 401/1316/132 425/1315/132 414/1318/132 
f 406/1319/2 387/1320/2 405/1321/2 
f 387/1320/2 406/1319/2 385/1322/2 
f 427/1323/125 428/1324/125 429/1325/125 
f 428/1324/125 427/1323/125 430/1326/133 
f 427/1327/126 431/1328/128 430/1329/128 
f 431/1328/128 427/1327/126 432/1330/126 
f 431/1331/1 428/1332/1 430/1333/1 
f 428/1332/1 431/1331/1 413/1334/1 
f 413/1335/134 429/1336/134 428/1337/134 
f 429/1336/134 413/1335/134 417/1338/134 
f 429/1339/2 432/1340/2 427/1341/2 
f 432/1340/2 429/1339/2 417/1342/2 
f 413/1343/131 432/1344/131 417/1345/131 
f 432/1344/131 413/1343/131 431/1346/131 
f 185/1347/10 217/1348/10 183/1349/10 
f 217/1348/10 185/1347/10 175/1350/10 
f 267/1351/86 433/1352/86 266/1353/86 
f 433/1352/86 267/1351/86 434/1354/86 
f 434/1354/86 267/1351/86 435/1355/86 
f 194/1356/2 298/1357/2 296/1358/2 
f 298/1357/2 194/1356/2 195/1359/2 
f 195/1359/2 194/1356/2 195/1359/2 
f 436/1360/130 437/1361/134 438/1362/135 
f 437/1361/134 436/1360/130 439/1363/130 
f 438/1362/135 440/1361/134 441/1364/130 
f 440/1361/134 438/1362/135 437/1361/134 
f 442/1365/1 443/1366/1 444/1367/1 
f 443/1366/1 442/1365/1 445/1368/1 
f 155/1369/1 446/1370/1 156/1371/1 
f 446/1370/1 155/1369/1 447/1372/1 
f 171/1373/2 173/1374/2 170/1375/2 
f 173/1374/2 171/1373/2 172/1376/2 
f 448/1377/2 449/1378/2 450/1379/2 
f 449/1378/2 448/1377/2 451/1380/2 
f 451/1381/2 452/1382/2 449/1383/2 
f 452/1382/2 451/1381/2 453/1384/2 
f 189/1385/14 205/1386/14 204/1387/14 
f 205/1386/14 189/1385/14 190/1388/14 
f 212/1389/95 182/1390/95 184/1391/27 
f 182/1390/95 212/1389/95 454/1392/95 
f 182/1390/95 454/1392/95 192/1393/27 
f 207/1394/1 175/1395/1 210/1396/1 
f 175/1395/1 207/1394/1 455/1397/1 
f 210/1398/1 191/1399/1 45/1400/1 
f 191/1399/1 210/1398/1 175/1401/1 
f 203/1402/1 456/1403/1 208/1404/1 
f 456/1403/1 203/1402/1 457/1405/1 
f 457/1405/1 203/1402/1 206/1406/1 
f 208/1407/1 458/1408/1 209/1409/1 
f 458/1408/1 208/1407/1 456/1410/1 
f 213/1411/2 214/1412/2 173/1413/2 
f 401/1414/130 409/1415/130 74/1416/130 
f 459/1417/130 409/1415/130 440/1418/130 
f 409/1415/130 459/1417/130 74/1416/130 
f 440/1418/130 409/1415/130 460/1419/135 
f 440/1418/130 460/1419/135 461/1420/130 
f 440/1418/130 461/1420/130 441/1421/130 
f 441/1421/130 461/1420/130 462/1422/130 
f 441/1421/130 462/1422/130 438/1423/130 
f 438/1423/130 462/1422/130 224/1424/136 
f 438/1423/130 224/1424/136 223/1425/136 
f 438/1423/130 273/1426/130 436/1427/130 
f 273/1426/130 438/1423/130 223/1425/136 
f 273/1426/130 223/1425/136 220/1428/130 
f 28/1429/137 92/1430/137 51/1431/137 
f 92/1430/137 28/1429/137 27/1432/137 
f 41/1433/137 12/1434/138 54/1435/137 
f 12/1434/138 41/1433/137 89/1436/138 
f 12/1434/138 89/1436/138 9/1437/137 
f 51/1438/137 90/1439/137 88/1440/138 
f 90/1439/137 51/1438/137 92/1441/137 
f 28/1442/137 41/1433/137 26/1443/137 
f 41/1433/137 28/1442/137 88/1440/138 
f 41/1433/137 88/1440/138 89/1436/138 
f 88/1440/138 28/1442/137 51/1438/137 
f 28/1442/137 26/1443/137 27/1444/137 
f 91/1445/137 12/1446/137 9/1447/137 
f 12/1446/137 91/1445/137 96/1448/137 
f 96/1448/137 91/1445/137 90/1449/137 
f 96/1448/137 90/1449/137 84/1450/138 
f 92/1451/138 26/1452/137 84/1450/138 
f 92/1451/138 84/1450/138 90/1449/137 
f 88/1453/137 9/1454/137 89/1455/137 
f 9/1454/137 88/1453/137 90/1456/137 
f 9/1454/137 90/1456/137 91/1457/137 
f 92/1458/24 28/1459/24 51/1460/24 
f 28/1459/24 92/1458/24 27/1461/24 
f 12/1462/24 41/1463/139 54/1464/24 
f 41/1463/139 12/1462/24 89/1465/24 
f 89/1465/24 12/1462/24 9/1466/24 
f 90/1467/24 51/1468/139 88/1469/139 
f 51/1468/139 90/1467/24 92/1470/24 
f 41/1463/139 28/1471/139 26/1472/24 
f 28/1471/139 41/1463/139 88/1469/139 
f 88/1469/139 41/1463/139 89/1465/24 
f 28/1471/139 88/1469/139 51/1468/139 
f 26/1472/24 28/1471/139 27/1473/24 
f 12/1474/24 91/1475/24 9/1476/24 
f 91/1475/24 12/1474/24 96/1477/139 
f 91/1475/24 96/1477/139 90/1478/139 
f 90/1478/139 96/1477/139 84/1479/24 
f 26/1480/24 92/1481/24 84/1479/24 
f 84/1479/24 92/1481/24 90/1478/139 
f 9/1482/24 88/1483/24 89/1484/24 
f 88/1483/24 9/1482/24 90/1485/24 
f 90/1485/24 9/1482/24 91/1486/24 
# 926 faces

